/*--------------------------------*- C++ -*----------------------------------*\
| =========                 |                                                 |
| \\      /  F ield         | OpenFOAM: The Open Source CFD Toolbox           |
|  \\    /   O peration     | Version:  2306                                  |
|   \\  /    A nd           | Website:  www.openfoam.com                      |
|    \\/     M anipulation  |                                                 |
\*---------------------------------------------------------------------------*/
FoamFile
{
    version     2.0;
    format      ascii;
    arch        "LSB;label=32;scalar=64";
    class       labelList;
    location    "constant/polyMesh";
    object      neighbour;
}
// * * * * * * * * * * * * * * * * * * * * * * * * * * * * * * * * * * * * * //


8674
(
1
3
319
2127
2
318
3
4
5
2127
6
2126
7
2125
8
2124
9
2123
10
2122
11
2121
12
2120
13
2119
14
2118
15
2117
16
2116
17
2115
18
2114
19
2113
20
2112
21
2111
22
2110
23
2109
24
2108
25
2107
26
2106
27
2105
28
2104
29
2103
30
2102
31
2101
32
33
2101
34
346
35
347
36
348
37
349
38
350
39
351
40
352
41
353
42
354
43
355
44
356
45
357
46
358
47
359
48
360
49
361
50
362
51
363
52
364
53
365
54
365
55
367
56
368
57
369
58
370
59
371
60
372
61
373
62
374
63
374
64
376
65
377
66
378
67
378
68
380
69
381
70
382
71
383
72
383
73
385
74
386
75
387
76
387
77
389
78
390
79
391
80
392
81
392
82
394
83
395
84
396
85
396
86
398
87
399
88
400
89
401
90
401
91
403
92
404
93
405
94
405
95
407
96
408
97
409
98
410
99
410
100
412
101
413
102
414
103
414
104
416
105
417
106
418
107
419
108
420
109
421
110
422
111
423
112
424
113
425
114
426
115
427
116
428
117
429
118
430
119
431
120
432
121
433
122
434
123
435
124
436
125
437
126
438
127
439
128
440
129
441
130
442
131
443
132
133
443
134
444
135
447
136
448
137
451
138
452
139
455
140
456
141
142
456
143
457
144
458
145
555
146
556
147
587
148
586
149
585
150
584
151
583
152
582
153
581
154
588
155
619
156
618
157
617
158
616
159
615
160
614
161
613
162
620
163
2100
164
2099
165
2098
166
2097
167
2096
168
2096
169
643
170
644
171
645
172
790
173
791
174
792
175
793
176
793
177
795
178
800
179
799
180
801
181
808
182
809
183
829
184
830
185
830
186
832
187
833
188
834
189
834
190
836
191
837
192
838
193
838
194
840
195
841
196
842
197
842
198
844
199
845
200
845
201
847
202
848
203
849
204
849
205
851
206
852
207
853
208
854
209
855
210
856
211
857
212
858
213
859
214
860
215
861
216
862
217
863
218
864
219
865
220
866
221
867
222
868
223
869
224
870
225
871
226
872
227
228
872
229
873
230
880
231
881
232
233
881
234
882
235
883
236
884
237
885
238
902
239
903
240
904
241
905
242
906
243
907
244
908
245
909
246
926
247
927
248
928
249
929
250
930
251
931
252
932
253
933
254
948
255
949
256
950
257
951
258
952
259
963
260
962
261
964
262
1021
263
1022
264
1023
265
1024
266
1025
267
1026
268
1079
269
1078
270
1080
271
1081
272
1082
273
1083
274
1084
275
1085
276
1466
277
1465
278
1467
279
1468
280
1469
281
1470
282
1471
283
1472
284
1473
285
1474
286
1523
287
1524
288
1525
289
1526
290
1527
291
1878
292
1877
293
1879
294
1904
295
1903
296
1905
297
1906
298
1907
299
1908
300
1909
301
1910
302
2039
303
2040
304
2041
305
2042
306
2043
307
2044
308
2045
309
2060
310
2059
311
2061
312
2082
313
2081
314
2083
315
2084
316
2085
317
2086
318
2095
319
320
2095
321
2094
2127
322
2093
2126
323
2092
2125
324
2091
2124
325
2018
2123
326
2017
2122
327
2016
2121
328
2015
2120
329
2014
2119
330
2013
2118
331
2012
2117
332
2011
2116
333
1762
2115
334
1761
2114
335
1760
2113
336
1759
2112
337
1758
2111
338
1757
2110
339
1756
2109
340
1755
2108
341
1690
2107
342
1689
2106
343
1688
2105
344
1687
2104
345
1686
2103
346
1685
2102
347
2101
348
1685
349
1684
350
1651
351
1650
352
1649
353
1648
354
1647
355
1646
356
1645
357
1644
358
1216
359
1215
360
1214
361
1213
362
1212
363
1211
364
1210
365
1209
366
367
1197
1209
368
1196
369
1193
370
1192
371
1181
372
1180
373
1177
374
1176
375
376
1150
1176
377
1149
378
1148
379
380
1146
1148
381
747
382
746
383
745
384
385
743
745
386
742
387
741
388
389
737
741
390
736
391
709
392
708
393
394
706
708
395
705
396
704
397
398
702
704
399
679
400
678
401
677
402
403
675
677
404
674
405
673
406
407
661
673
408
660
409
657
410
656
411
412
520
656
413
519
414
518
415
416
516
518
417
513
418
512
419
509
420
508
421
505
422
504
423
501
424
500
425
497
426
496
427
493
428
492
429
489
430
488
431
485
432
484
433
481
434
480
435
477
436
476
437
473
438
472
439
469
440
468
441
465
442
464
443
445
444
445
447
446
464
447
449
463
448
449
451
450
462
451
453
461
452
453
455
454
460
455
457
459
456
457
458
459
555
460
554
461
553
462
552
463
551
464
466
465
466
468
467
551
468
470
550
469
470
472
471
549
472
474
548
473
474
476
475
547
476
478
546
477
478
480
479
545
480
482
544
481
482
484
483
543
484
486
542
485
486
488
487
541
488
490
540
489
490
492
491
539
492
494
538
493
494
496
495
537
496
498
536
497
498
500
499
535
500
502
534
501
502
504
503
533
504
506
532
505
506
508
507
531
508
510
530
509
510
512
511
529
512
514
528
513
514
516
515
527
516
524
526
517
518
522
524
519
520
522
521
655
522
652
654
523
524
650
652
525
526
648
650
527
647
528
638
529
637
530
636
531
635
532
626
533
625
534
624
535
623
536
606
537
605
538
604
539
603
540
594
541
593
542
592
543
591
544
574
545
573
546
572
547
571
548
562
549
561
550
560
551
559
552
553
559
554
558
555
557
556
557
587
558
566
559
565
560
561
565
562
564
563
571
564
568
570
565
567
566
567
587
568
586
569
585
570
578
584
571
577
572
573
577
574
576
575
591
576
580
590
577
579
578
579
583
580
582
581
589
582
588
583
584
585
586
587
589
619
590
598
591
597
592
593
597
594
596
595
603
596
600
602
597
599
598
599
619
600
618
601
617
602
610
616
603
609
604
605
609
606
608
607
623
608
612
622
609
611
610
611
615
612
614
613
621
614
620
615
616
617
618
619
621
2100
622
630
623
629
624
625
629
626
628
627
635
628
632
634
629
631
630
631
2100
632
2099
633
2098
634
642
2097
635
641
636
637
641
638
640
639
647
640
644
646
641
643
642
643
2096
644
645
646
790
647
789
648
649
789
650
786
788
651
652
784
786
653
654
666
784
655
665
656
658
657
658
660
659
665
660
662
664
661
662
672
663
671
664
668
670
665
667
666
667
783
668
782
669
781
670
692
780
671
691
672
686
673
685
674
675
685
676
684
677
681
683
678
679
681
680
702
681
699
701
682
683
697
699
684
688
685
687
686
687
691
688
690
689
697
690
694
696
691
693
692
693
779
694
778
695
777
696
722
776
697
721
698
699
719
721
700
701
717
719
702
716
703
704
714
716
705
706
714
707
713
708
710
712
709
710
736
711
735
712
732
734
713
731
714
730
715
716
728
730
717
718
728
719
725
727
720
721
723
725
722
723
775
724
774
725
771
773
726
727
769
771
728
768
729
730
766
768
731
732
766
733
765
734
758
764
735
757
736
738
737
738
740
739
757
740
754
756
741
753
742
743
753
744
752
745
749
751
746
747
749
748
1146
749
1143
1145
750
751
1141
1143
752
1140
753
1139
754
755
1139
756
760
1138
757
759
758
759
763
760
762
761
1137
762
1110
1136
763
1109
764
1108
765
1107
766
1106
767
768
1104
1106
769
770
1104
771
1101
1103
772
773
1099
1101
774
816
775
815
776
814
777
813
778
805
779
804
780
803
781
802
782
798
783
797
784
796
785
786
794
796
787
788
792
794
789
791
790
791
792
793
794
795
796
800
797
798
800
799
802
800
801
802
808
803
804
808
805
807
806
813
807
810
812
808
809
810
828
811
827
812
820
826
813
819
814
815
819
816
818
817
1099
818
822
1098
819
821
820
821
825
822
824
823
1097
824
1043
1096
825
1042
826
1041
827
1040
828
987
829
986
830
985
831
832
983
985
833
980
834
979
835
836
977
979
837
976
838
975
839
840
973
975
841
970
842
969
843
844
958
969
845
957
846
847
941
957
848
940
849
939
850
851
937
939
852
936
853
935
854
918
855
917
856
916
857
915
858
914
859
913
860
912
861
911
862
894
863
893
864
892
865
891
866
890
867
889
868
888
869
887
870
876
871
875
872
874
873
874
880
875
879
876
878
877
887
878
884
886
879
883
880
882
881
882
883
884
885
886
902
887
901
888
889
901
890
900
891
899
892
898
893
897
894
896
895
911
896
908
910
897
907
898
906
899
905
900
904
901
903
902
903
904
905
906
907
908
909
910
926
911
925
912
913
925
914
924
915
923
916
922
917
921
918
920
919
935
920
932
934
921
931
922
930
923
929
924
928
925
927
926
927
928
929
930
931
932
933
934
948
935
947
936
937
947
938
946
939
943
945
940
941
943
942
956
943
953
955
944
945
951
953
946
950
947
949
948
949
950
951
952
953
963
954
955
961
963
956
960
957
959
958
959
968
960
967
961
966
962
965
963
964
965
1021
966
1020
967
1003
968
1002
969
971
970
971
973
972
1002
973
999
1001
974
975
997
999
976
977
997
978
996
979
981
995
980
981
983
982
994
983
991
993
984
985
989
991
986
987
989
988
1040
989
1037
1039
990
991
1035
1037
992
993
1033
1035
994
1032
995
1011
996
1010
997
1009
998
999
1007
1009
1000
1001
1005
1007
1002
1004
1003
1004
1020
1005
1019
1006
1018
1007
1015
1017
1008
1009
1013
1015
1010
1011
1013
1012
1032
1013
1029
1031
1014
1015
1027
1029
1016
1017
1025
1027
1018
1024
1019
1023
1020
1022
1021
1022
1023
1024
1025
1026
1027
1079
1028
1029
1077
1079
1030
1031
1059
1077
1032
1058
1033
1034
1058
1035
1055
1057
1036
1037
1053
1055
1038
1039
1047
1053
1040
1046
1041
1042
1046
1043
1045
1044
1095
1045
1049
1094
1046
1048
1047
1048
1052
1049
1051
1050
1093
1051
1067
1092
1052
1066
1053
1065
1054
1055
1063
1065
1056
1057
1061
1063
1058
1060
1059
1060
1076
1061
1075
1062
1074
1063
1071
1073
1064
1065
1069
1071
1066
1067
1069
1068
1091
1069
1088
1090
1070
1071
1086
1088
1072
1073
1084
1086
1074
1083
1075
1082
1076
1081
1077
1080
1078
1079
1080
1081
1082
1083
1084
1085
1086
1466
1087
1088
1464
1466
1089
1090
1442
1464
1091
1441
1092
1436
1093
1435
1094
1366
1095
1365
1096
1360
1097
1359
1098
1122
1099
1121
1100
1101
1119
1121
1102
1103
1117
1119
1104
1116
1105
1106
1114
1116
1107
1108
1114
1109
1113
1110
1112
1111
1135
1112
1132
1134
1113
1131
1114
1130
1115
1116
1128
1130
1117
1118
1128
1119
1125
1127
1120
1121
1123
1125
1122
1123
1359
1124
1358
1125
1355
1357
1126
1127
1353
1355
1128
1352
1129
1130
1350
1352
1131
1132
1350
1133
1349
1134
1278
1348
1135
1277
1136
1272
1137
1271
1138
1162
1139
1161
1140
1141
1161
1142
1160
1143
1157
1159
1144
1145
1155
1157
1146
1154
1147
1148
1152
1154
1149
1150
1152
1151
1175
1152
1172
1174
1153
1154
1170
1172
1155
1156
1170
1157
1167
1169
1158
1159
1165
1167
1160
1164
1161
1163
1162
1163
1271
1164
1270
1165
1269
1166
1268
1167
1265
1267
1168
1169
1263
1265
1170
1262
1171
1172
1260
1262
1173
1174
1186
1260
1175
1185
1176
1178
1177
1178
1180
1179
1185
1180
1182
1184
1181
1182
1192
1183
1191
1184
1188
1190
1185
1187
1186
1187
1259
1188
1258
1189
1257
1190
1202
1256
1191
1201
1192
1194
1193
1194
1196
1195
1201
1196
1198
1200
1197
1198
1208
1199
1207
1200
1204
1206
1201
1203
1202
1203
1255
1204
1254
1205
1253
1206
1230
1252
1207
1229
1208
1224
1209
1223
1210
1211
1223
1212
1222
1213
1221
1214
1220
1215
1219
1216
1218
1217
1644
1218
1238
1643
1219
1237
1220
1236
1221
1235
1222
1226
1223
1225
1224
1225
1229
1226
1228
1227
1235
1228
1232
1234
1229
1231
1230
1231
1251
1232
1250
1233
1249
1234
1242
1248
1235
1241
1236
1237
1241
1238
1240
1239
1642
1240
1244
1641
1241
1243
1242
1243
1247
1244
1246
1245
1640
1246
1597
1639
1247
1596
1248
1595
1249
1594
1250
1585
1251
1584
1252
1583
1253
1582
1254
1322
1255
1321
1256
1320
1257
1319
1258
1294
1259
1293
1260
1292
1261
1262
1290
1292
1263
1264
1290
1265
1287
1289
1266
1267
1285
1287
1268
1284
1269
1283
1270
1274
1271
1273
1272
1273
1277
1274
1276
1275
1283
1276
1280
1282
1277
1279
1278
1279
1347
1280
1346
1281
1345
1282
1306
1344
1283
1305
1284
1285
1305
1286
1304
1287
1301
1303
1288
1289
1299
1301
1290
1298
1291
1292
1296
1298
1293
1294
1296
1295
1319
1296
1316
1318
1297
1298
1314
1316
1299
1300
1314
1301
1311
1313
1302
1303
1309
1311
1304
1308
1305
1307
1306
1307
1343
1308
1342
1309
1341
1310
1340
1311
1337
1339
1312
1313
1335
1337
1314
1334
1315
1316
1332
1334
1317
1318
1326
1332
1319
1325
1320
1321
1325
1322
1324
1323
1582
1324
1328
1581
1325
1327
1326
1327
1331
1328
1330
1329
1580
1330
1553
1579
1331
1552
1332
1551
1333
1334
1549
1551
1335
1336
1549
1337
1546
1548
1338
1339
1544
1546
1340
1543
1341
1542
1342
1410
1343
1409
1344
1408
1345
1407
1346
1382
1347
1381
1348
1380
1349
1379
1350
1378
1351
1352
1376
1378
1353
1354
1376
1355
1373
1375
1356
1357
1371
1373
1358
1362
1359
1361
1360
1361
1365
1362
1364
1363
1371
1364
1368
1370
1365
1367
1366
1367
1435
1368
1434
1369
1433
1370
1394
1432
1371
1393
1372
1373
1391
1393
1374
1375
1389
1391
1376
1388
1377
1378
1386
1388
1379
1380
1386
1381
1385
1382
1384
1383
1407
1384
1404
1406
1385
1403
1386
1402
1387
1388
1400
1402
1389
1390
1400
1391
1397
1399
1392
1393
1395
1397
1394
1395
1431
1396
1430
1397
1427
1429
1398
1399
1425
1427
1400
1424
1401
1402
1422
1424
1403
1404
1422
1405
1421
1406
1414
1420
1407
1413
1408
1409
1413
1410
1412
1411
1542
1412
1416
1541
1413
1415
1414
1415
1419
1416
1418
1417
1540
1418
1489
1539
1419
1488
1420
1487
1421
1486
1422
1485
1423
1424
1483
1485
1425
1426
1483
1427
1480
1482
1428
1429
1478
1480
1430
1450
1431
1449
1432
1448
1433
1447
1434
1438
1435
1437
1436
1437
1441
1438
1440
1439
1447
1440
1444
1446
1441
1443
1442
1443
1463
1444
1462
1445
1461
1446
1454
1460
1447
1453
1448
1449
1453
1450
1452
1451
1478
1452
1456
1477
1453
1455
1454
1455
1459
1456
1458
1457
1476
1458
1473
1475
1459
1472
1460
1471
1461
1470
1462
1469
1463
1468
1464
1467
1465
1466
1467
1468
1469
1470
1471
1472
1473
1474
1475
1523
1476
1522
1477
1501
1478
1500
1479
1480
1498
1500
1481
1482
1496
1498
1483
1495
1484
1485
1493
1495
1486
1487
1493
1488
1492
1489
1491
1490
1538
1491
1511
1537
1492
1510
1493
1509
1494
1495
1507
1509
1496
1497
1507
1498
1504
1506
1499
1500
1502
1504
1501
1502
1522
1503
1521
1504
1518
1520
1505
1506
1516
1518
1507
1515
1508
1509
1513
1515
1510
1511
1513
1512
1536
1513
1533
1535
1514
1515
1531
1533
1516
1517
1531
1518
1528
1530
1519
1520
1526
1528
1521
1525
1522
1524
1523
1524
1525
1526
1527
1528
1878
1529
1530
1876
1878
1531
1875
1532
1533
1873
1875
1534
1535
1867
1873
1536
1866
1537
1797
1538
1796
1539
1791
1540
1790
1541
1565
1542
1564
1543
1544
1564
1545
1563
1546
1560
1562
1547
1548
1558
1560
1549
1557
1550
1551
1555
1557
1552
1553
1555
1554
1578
1555
1575
1577
1556
1557
1573
1575
1558
1559
1573
1560
1570
1572
1561
1562
1568
1570
1563
1567
1564
1566
1565
1566
1790
1567
1789
1568
1788
1569
1787
1570
1784
1786
1571
1572
1782
1784
1573
1781
1574
1575
1779
1781
1576
1577
1617
1779
1578
1616
1579
1611
1580
1610
1581
1589
1582
1588
1583
1584
1588
1585
1587
1586
1594
1587
1591
1593
1588
1590
1589
1590
1610
1591
1609
1592
1608
1593
1601
1607
1594
1600
1595
1596
1600
1597
1599
1598
1638
1599
1603
1637
1600
1602
1601
1602
1606
1603
1605
1604
1636
1605
1625
1635
1606
1624
1607
1623
1608
1622
1609
1613
1610
1612
1611
1612
1616
1613
1615
1614
1622
1615
1619
1621
1616
1618
1617
1618
1778
1619
1777
1620
1776
1621
1629
1775
1622
1628
1623
1624
1628
1625
1627
1626
1634
1627
1631
1633
1628
1630
1629
1630
1774
1631
1773
1632
1772
1633
1733
1771
1634
1732
1635
1727
1636
1726
1637
1705
1638
1704
1639
1699
1640
1698
1641
1665
1642
1664
1643
1659
1644
1658
1645
1646
1658
1647
1657
1648
1656
1649
1655
1650
1654
1651
1653
1652
1684
1653
1673
1683
1654
1672
1655
1671
1656
1670
1657
1661
1658
1660
1659
1660
1664
1661
1663
1662
1670
1663
1667
1669
1664
1666
1665
1666
1698
1667
1697
1668
1696
1669
1677
1695
1670
1676
1671
1672
1676
1673
1675
1674
1682
1675
1679
1681
1676
1678
1677
1678
1694
1679
1693
1680
1692
1681
1689
1691
1682
1688
1683
1687
1684
1686
1685
1686
1687
1688
1689
1690
1691
1755
1692
1754
1693
1713
1694
1712
1695
1711
1696
1710
1697
1701
1698
1700
1699
1700
1704
1701
1703
1702
1710
1703
1707
1709
1704
1706
1705
1706
1726
1707
1725
1708
1724
1709
1717
1723
1710
1716
1711
1712
1716
1713
1715
1714
1754
1715
1719
1753
1716
1718
1717
1718
1722
1719
1721
1720
1752
1721
1741
1751
1722
1740
1723
1739
1724
1738
1725
1729
1726
1728
1727
1728
1732
1729
1731
1730
1738
1731
1735
1737
1732
1734
1733
1734
1770
1735
1769
1736
1768
1737
1745
1767
1738
1744
1739
1740
1744
1741
1743
1742
1750
1743
1747
1749
1744
1746
1745
1746
1766
1747
1765
1748
1764
1749
1761
1763
1750
1760
1751
1759
1752
1758
1753
1757
1754
1756
1755
1756
1757
1758
1759
1760
1761
1762
1763
2011
1764
2010
1765
1969
1766
1968
1767
1967
1768
1966
1769
1957
1770
1956
1771
1955
1772
1954
1773
1841
1774
1840
1775
1839
1776
1838
1777
1813
1778
1812
1779
1811
1780
1781
1809
1811
1782
1783
1809
1784
1806
1808
1785
1786
1804
1806
1787
1803
1788
1802
1789
1793
1790
1792
1791
1792
1796
1793
1795
1794
1802
1795
1799
1801
1796
1798
1797
1798
1866
1799
1865
1800
1864
1801
1825
1863
1802
1824
1803
1804
1824
1805
1823
1806
1820
1822
1807
1808
1818
1820
1809
1817
1810
1811
1815
1817
1812
1813
1815
1814
1838
1815
1835
1837
1816
1817
1833
1835
1818
1819
1833
1820
1830
1832
1821
1822
1828
1830
1823
1827
1824
1826
1825
1826
1862
1827
1861
1828
1860
1829
1859
1830
1856
1858
1831
1832
1854
1856
1833
1853
1834
1835
1851
1853
1836
1837
1845
1851
1838
1844
1839
1840
1844
1841
1843
1842
1954
1843
1847
1953
1844
1846
1845
1846
1850
1847
1849
1848
1952
1849
1925
1951
1850
1924
1851
1923
1852
1853
1921
1923
1854
1855
1921
1856
1918
1920
1857
1858
1916
1918
1859
1915
1860
1914
1861
1890
1862
1889
1863
1888
1864
1887
1865
1869
1866
1868
1867
1868
1872
1869
1871
1870
1887
1871
1884
1886
1872
1883
1873
1882
1874
1875
1880
1882
1876
1877
1880
1878
1879
1880
1904
1881
1882
1902
1904
1883
1884
1902
1885
1901
1886
1894
1900
1887
1893
1888
1889
1893
1890
1892
1891
1914
1892
1896
1913
1893
1895
1894
1895
1899
1896
1898
1897
1912
1898
1909
1911
1899
1908
1900
1907
1901
1906
1902
1905
1903
1904
1905
1906
1907
1908
1909
1910
1911
2039
1912
2038
1913
1937
1914
1936
1915
1916
1936
1917
1935
1918
1932
1934
1919
1920
1930
1932
1921
1929
1922
1923
1927
1929
1924
1925
1927
1926
1950
1927
1947
1949
1928
1929
1945
1947
1930
1931
1945
1932
1942
1944
1933
1934
1940
1942
1935
1939
1936
1938
1937
1938
2038
1939
2037
1940
2036
1941
2035
1942
2032
2034
1943
1944
2030
2032
1945
2029
1946
1947
2027
2029
1948
1949
1989
2027
1950
1988
1951
1983
1952
1982
1953
1961
1954
1960
1955
1956
1960
1957
1959
1958
1966
1959
1963
1965
1960
1962
1961
1962
1982
1963
1981
1964
1980
1965
1973
1979
1966
1972
1967
1968
1972
1969
1971
1970
2010
1971
1975
2009
1972
1974
1973
1974
1978
1975
1977
1976
2008
1977
1997
2007
1978
1996
1979
1995
1980
1994
1981
1985
1982
1984
1983
1984
1988
1985
1987
1986
1994
1987
1991
1993
1988
1990
1989
1990
2026
1991
2025
1992
2024
1993
2001
2023
1994
2000
1995
1996
2000
1997
1999
1998
2006
1999
2003
2005
2000
2002
2001
2002
2022
2003
2021
2004
2020
2005
2017
2019
2006
2016
2007
2015
2008
2014
2009
2013
2010
2012
2011
2012
2013
2014
2015
2016
2017
2018
2019
2091
2020
2090
2021
2070
2022
2069
2023
2068
2024
2067
2025
2053
2026
2052
2027
2051
2028
2029
2049
2051
2030
2031
2049
2032
2046
2048
2033
2034
2044
2046
2035
2043
2036
2042
2037
2041
2038
2040
2039
2040
2041
2042
2043
2044
2045
2046
2060
2047
2048
2058
2060
2049
2057
2050
2051
2055
2057
2052
2053
2055
2054
2067
2055
2064
2066
2056
2057
2062
2064
2058
2059
2062
2060
2061
2062
2082
2063
2064
2080
2082
2065
2066
2074
2080
2067
2073
2068
2069
2073
2070
2072
2071
2090
2072
2076
2089
2073
2075
2074
2075
2079
2076
2078
2077
2088
2078
2085
2087
2079
2084
2080
2083
2081
2082
2083
2084
2085
2086
2087
2095
2088
2094
2089
2093
2090
2092
2091
2092
2093
2094
2095
2097
2098
2099
2100
2102
2103
2104
2105
2106
2107
2108
2109
2110
2111
2112
2113
2114
2115
2116
2117
2118
2119
2120
2121
2122
2123
2124
2125
2126
2127
-1
-1
-1
-1
-1
-1
-1
-1
-1
-1
-1
-1
-1
-1
-1
-1
-1
-1
-1
-1
-1
-1
-1
-1
-1
-1
-1
-1
-1
-1
-1
-1
-1
-1
-1
-1
-1
-1
-1
-1
-1
-1
-1
-1
-1
-1
-1
-1
-1
-1
-1
-1
-1
-1
-1
-1
-1
-1
-1
-1
-1
-1
-1
-1
-1
-1
-1
-1
-1
-1
-1
-1
-1
-1
-1
-1
-1
-1
-1
-1
-1
-1
-1
-1
-1
-1
-1
-1
-1
-1
-1
-1
-1
-1
-1
-1
-1
-1
-1
-1
-1
-1
-1
-1
-1
-1
-1
-1
-1
-1
-1
-1
-1
-1
-1
-1
-1
-1
-1
-1
-1
-1
-1
-1
-1
-1
-1
-1
-1
-1
-1
-1
-1
-1
-1
-1
-1
-1
-1
-1
-1
-1
-1
-1
-1
-1
-1
-1
-1
-1
-1
-1
-1
-1
-1
-1
-1
-1
-1
-1
-1
-1
-1
-1
-1
-1
-1
-1
-1
-1
-1
-1
-1
-1
-1
-1
-1
-1
-1
-1
-1
-1
-1
-1
-1
-1
-1
-1
-1
-1
-1
-1
-1
-1
-1
-1
-1
-1
-1
-1
-1
-1
-1
-1
-1
-1
-1
-1
-1
-1
-1
-1
-1
-1
-1
-1
-1
-1
-1
-1
-1
-1
-1
-1
-1
-1
-1
-1
-1
-1
-1
-1
-1
-1
-1
-1
-1
-1
-1
-1
-1
-1
-1
-1
-1
-1
-1
-1
-1
-1
-1
-1
-1
-1
-1
-1
-1
-1
-1
-1
-1
-1
-1
-1
-1
-1
-1
-1
-1
-1
-1
-1
-1
-1
-1
-1
-1
-1
-1
-1
-1
-1
-1
-1
-1
-1
-1
-1
-1
-1
-1
-1
-1
-1
-1
-1
-1
-1
-1
-1
-1
-1
-1
-1
-1
-1
-1
-1
-1
-1
-1
-1
-1
-1
-1
-1
-1
-1
-1
-1
-1
-1
-1
-1
-1
-1
-1
-1
-1
-1
-1
-1
-1
-1
-1
-1
-1
-1
-1
-1
-1
-1
-1
-1
-1
-1
-1
-1
-1
-1
-1
-1
-1
-1
-1
-1
-1
-1
-1
-1
-1
-1
-1
-1
-1
-1
-1
-1
-1
-1
-1
-1
-1
-1
-1
-1
-1
-1
-1
-1
-1
-1
-1
-1
-1
-1
-1
-1
-1
-1
-1
-1
-1
-1
-1
-1
-1
-1
-1
-1
-1
-1
-1
-1
-1
-1
-1
-1
-1
-1
-1
-1
-1
-1
-1
-1
-1
-1
-1
-1
-1
-1
-1
-1
-1
-1
-1
-1
-1
-1
-1
-1
-1
-1
-1
-1
-1
-1
-1
-1
-1
-1
-1
-1
-1
-1
-1
-1
-1
-1
-1
-1
-1
-1
-1
-1
-1
-1
-1
-1
-1
-1
-1
-1
-1
-1
-1
-1
-1
-1
-1
-1
-1
-1
-1
-1
-1
-1
-1
-1
-1
-1
-1
-1
-1
-1
-1
-1
-1
-1
-1
-1
-1
-1
-1
-1
-1
-1
-1
-1
-1
-1
-1
-1
-1
-1
-1
-1
-1
-1
-1
-1
-1
-1
-1
-1
-1
-1
-1
-1
-1
-1
-1
-1
-1
-1
-1
-1
-1
-1
-1
-1
-1
-1
-1
-1
-1
-1
-1
-1
-1
-1
-1
-1
-1
-1
-1
-1
-1
-1
-1
-1
-1
-1
-1
-1
-1
-1
-1
-1
-1
-1
-1
-1
-1
-1
-1
-1
-1
-1
-1
-1
-1
-1
-1
-1
-1
-1
-1
-1
-1
-1
-1
-1
-1
-1
-1
-1
-1
-1
-1
-1
-1
-1
-1
-1
-1
-1
-1
-1
-1
-1
-1
-1
-1
-1
-1
-1
-1
-1
-1
-1
-1
-1
-1
-1
-1
-1
-1
-1
-1
-1
-1
-1
-1
-1
-1
-1
-1
-1
-1
-1
-1
-1
-1
-1
-1
-1
-1
-1
-1
-1
-1
-1
-1
-1
-1
-1
-1
-1
-1
-1
-1
-1
-1
-1
-1
-1
-1
-1
-1
-1
-1
-1
-1
-1
-1
-1
-1
-1
-1
-1
-1
-1
-1
-1
-1
-1
-1
-1
-1
-1
-1
-1
-1
-1
-1
-1
-1
-1
-1
-1
-1
-1
-1
-1
-1
-1
-1
-1
-1
-1
-1
-1
-1
-1
-1
-1
-1
-1
-1
-1
-1
-1
-1
-1
-1
-1
-1
-1
-1
-1
-1
-1
-1
-1
-1
-1
-1
-1
-1
-1
-1
-1
-1
-1
-1
-1
-1
-1
-1
-1
-1
-1
-1
-1
-1
-1
-1
-1
-1
-1
-1
-1
-1
-1
-1
-1
-1
-1
-1
-1
-1
-1
-1
-1
-1
-1
-1
-1
-1
-1
-1
-1
-1
-1
-1
-1
-1
-1
-1
-1
-1
-1
-1
-1
-1
-1
-1
-1
-1
-1
-1
-1
-1
-1
-1
-1
-1
-1
-1
-1
-1
-1
-1
-1
-1
-1
-1
-1
-1
-1
-1
-1
-1
-1
-1
-1
-1
-1
-1
-1
-1
-1
-1
-1
-1
-1
-1
-1
-1
-1
-1
-1
-1
-1
-1
-1
-1
-1
-1
-1
-1
-1
-1
-1
-1
-1
-1
-1
-1
-1
-1
-1
-1
-1
-1
-1
-1
-1
-1
-1
-1
-1
-1
-1
-1
-1
-1
-1
-1
-1
-1
-1
-1
-1
-1
-1
-1
-1
-1
-1
-1
-1
-1
-1
-1
-1
-1
-1
-1
-1
-1
-1
-1
-1
-1
-1
-1
-1
-1
-1
-1
-1
-1
-1
-1
-1
-1
-1
-1
-1
-1
-1
-1
-1
-1
-1
-1
-1
-1
-1
-1
-1
-1
-1
-1
-1
-1
-1
-1
-1
-1
-1
-1
-1
-1
-1
-1
-1
-1
-1
-1
-1
-1
-1
-1
-1
-1
-1
-1
-1
-1
-1
-1
-1
-1
-1
-1
-1
-1
-1
-1
-1
-1
-1
-1
-1
-1
-1
-1
-1
-1
-1
-1
-1
-1
-1
-1
-1
-1
-1
-1
-1
-1
-1
-1
-1
-1
-1
-1
-1
-1
-1
-1
-1
-1
-1
-1
-1
-1
-1
-1
-1
-1
-1
-1
-1
-1
-1
-1
-1
-1
-1
-1
-1
-1
-1
-1
-1
-1
-1
-1
-1
-1
-1
-1
-1
-1
-1
-1
-1
-1
-1
-1
-1
-1
-1
-1
-1
-1
-1
-1
-1
-1
-1
-1
-1
-1
-1
-1
-1
-1
-1
-1
-1
-1
-1
-1
-1
-1
-1
-1
-1
-1
-1
-1
-1
-1
-1
-1
-1
-1
-1
-1
-1
-1
-1
-1
-1
-1
-1
-1
-1
-1
-1
-1
-1
-1
-1
-1
-1
-1
-1
-1
-1
-1
-1
-1
-1
-1
-1
-1
-1
-1
-1
-1
-1
-1
-1
-1
-1
-1
-1
-1
-1
-1
-1
-1
-1
-1
-1
-1
-1
-1
-1
-1
-1
-1
-1
-1
-1
-1
-1
-1
-1
-1
-1
-1
-1
-1
-1
-1
-1
-1
-1
-1
-1
-1
-1
-1
-1
-1
-1
-1
-1
-1
-1
-1
-1
-1
-1
-1
-1
-1
-1
-1
-1
-1
-1
-1
-1
-1
-1
-1
-1
-1
-1
-1
-1
-1
-1
-1
-1
-1
-1
-1
-1
-1
-1
-1
-1
-1
-1
-1
-1
-1
-1
-1
-1
-1
-1
-1
-1
-1
-1
-1
-1
-1
-1
-1
-1
-1
-1
-1
-1
-1
-1
-1
-1
-1
-1
-1
-1
-1
-1
-1
-1
-1
-1
-1
-1
-1
-1
-1
-1
-1
-1
-1
-1
-1
-1
-1
-1
-1
-1
-1
-1
-1
-1
-1
-1
-1
-1
-1
-1
-1
-1
-1
-1
-1
-1
-1
-1
-1
-1
-1
-1
-1
-1
-1
-1
-1
-1
-1
-1
-1
-1
-1
-1
-1
-1
-1
-1
-1
-1
-1
-1
-1
-1
-1
-1
-1
-1
-1
-1
-1
-1
-1
-1
-1
-1
-1
-1
-1
-1
-1
-1
-1
-1
-1
-1
-1
-1
-1
-1
-1
-1
-1
-1
-1
-1
-1
-1
-1
-1
-1
-1
-1
-1
-1
-1
-1
-1
-1
-1
-1
-1
-1
-1
-1
-1
-1
-1
-1
-1
-1
-1
-1
-1
-1
-1
-1
-1
-1
-1
-1
-1
-1
-1
-1
-1
-1
-1
-1
-1
-1
-1
-1
-1
-1
-1
-1
-1
-1
-1
-1
-1
-1
-1
-1
-1
-1
-1
-1
-1
-1
-1
-1
-1
-1
-1
-1
-1
-1
-1
-1
-1
-1
-1
-1
-1
-1
-1
-1
-1
-1
-1
-1
-1
-1
-1
-1
-1
-1
-1
-1
-1
-1
-1
-1
-1
-1
-1
-1
-1
-1
-1
-1
-1
-1
-1
-1
-1
-1
-1
-1
-1
-1
-1
-1
-1
-1
-1
-1
-1
-1
-1
-1
-1
-1
-1
-1
-1
-1
-1
-1
-1
-1
-1
-1
-1
-1
-1
-1
-1
-1
-1
-1
-1
-1
-1
-1
-1
-1
-1
-1
-1
-1
-1
-1
-1
-1
-1
-1
-1
-1
-1
-1
-1
-1
-1
-1
-1
-1
-1
-1
-1
-1
-1
-1
-1
-1
-1
-1
-1
-1
-1
-1
-1
-1
-1
-1
-1
-1
-1
-1
-1
-1
-1
-1
-1
-1
-1
-1
-1
-1
-1
-1
-1
-1
-1
-1
-1
-1
-1
-1
-1
-1
-1
-1
-1
-1
-1
-1
-1
-1
-1
-1
-1
-1
-1
-1
-1
-1
-1
-1
-1
-1
-1
-1
-1
-1
-1
-1
-1
-1
-1
-1
-1
-1
-1
-1
-1
-1
-1
-1
-1
-1
-1
-1
-1
-1
-1
-1
-1
-1
-1
-1
-1
-1
-1
-1
-1
-1
-1
-1
-1
-1
-1
-1
-1
-1
-1
-1
-1
-1
-1
-1
-1
-1
-1
-1
-1
-1
-1
-1
-1
-1
-1
-1
-1
-1
-1
-1
-1
-1
-1
-1
-1
-1
-1
-1
-1
-1
-1
-1
-1
-1
-1
-1
-1
-1
-1
-1
-1
-1
-1
-1
-1
-1
-1
-1
-1
-1
-1
-1
-1
-1
-1
-1
-1
-1
-1
-1
-1
-1
-1
-1
-1
-1
-1
-1
-1
-1
-1
-1
-1
-1
-1
-1
-1
-1
-1
-1
-1
-1
-1
-1
-1
-1
-1
-1
-1
-1
-1
-1
-1
-1
-1
-1
-1
-1
-1
-1
-1
-1
-1
-1
-1
-1
-1
-1
-1
-1
-1
-1
-1
-1
-1
-1
-1
-1
-1
-1
-1
-1
-1
-1
-1
-1
-1
-1
-1
-1
-1
-1
-1
-1
-1
-1
-1
-1
-1
-1
-1
-1
-1
-1
-1
-1
-1
-1
-1
-1
-1
-1
-1
-1
-1
-1
-1
-1
-1
-1
-1
-1
-1
-1
-1
-1
-1
-1
-1
-1
-1
-1
-1
-1
-1
-1
-1
-1
-1
-1
-1
-1
-1
-1
-1
-1
-1
-1
-1
-1
-1
-1
-1
-1
-1
-1
-1
-1
-1
-1
-1
-1
-1
-1
-1
-1
-1
-1
-1
-1
-1
-1
-1
-1
-1
-1
-1
-1
-1
-1
-1
-1
-1
-1
-1
-1
-1
-1
-1
-1
-1
-1
-1
-1
-1
-1
-1
-1
-1
-1
-1
-1
-1
-1
-1
-1
-1
-1
-1
-1
-1
-1
-1
-1
-1
-1
-1
-1
-1
-1
-1
-1
-1
-1
-1
-1
-1
-1
-1
-1
-1
-1
-1
-1
-1
-1
-1
-1
-1
-1
-1
-1
-1
-1
-1
-1
-1
-1
-1
-1
-1
-1
-1
-1
-1
-1
-1
-1
-1
-1
-1
-1
-1
-1
-1
-1
-1
-1
-1
-1
-1
-1
-1
-1
-1
-1
-1
-1
-1
-1
-1
-1
-1
-1
-1
-1
-1
-1
-1
-1
-1
-1
-1
-1
-1
-1
-1
-1
-1
-1
-1
-1
-1
-1
-1
-1
-1
-1
-1
-1
-1
-1
-1
-1
-1
-1
-1
-1
-1
-1
-1
-1
-1
-1
-1
-1
-1
-1
-1
-1
-1
-1
-1
-1
-1
-1
-1
-1
-1
-1
-1
-1
-1
-1
-1
-1
-1
-1
-1
-1
-1
-1
-1
-1
-1
-1
-1
-1
-1
-1
-1
-1
-1
-1
-1
-1
-1
-1
-1
-1
-1
-1
-1
-1
-1
-1
-1
-1
-1
-1
-1
-1
-1
-1
-1
-1
-1
-1
-1
-1
-1
-1
-1
-1
-1
-1
-1
-1
-1
-1
-1
-1
-1
-1
-1
-1
-1
-1
-1
-1
-1
-1
-1
-1
-1
-1
-1
-1
-1
-1
-1
-1
-1
-1
-1
-1
-1
-1
-1
-1
-1
-1
-1
-1
-1
-1
-1
-1
-1
-1
-1
-1
-1
-1
-1
-1
-1
-1
-1
-1
-1
-1
-1
-1
-1
-1
-1
-1
-1
-1
-1
-1
-1
-1
-1
-1
-1
-1
-1
-1
-1
-1
-1
-1
-1
-1
-1
-1
-1
-1
-1
-1
-1
-1
-1
-1
-1
-1
-1
-1
-1
-1
-1
-1
-1
-1
-1
-1
-1
-1
-1
-1
-1
-1
-1
-1
-1
-1
-1
-1
-1
-1
-1
-1
-1
-1
-1
-1
-1
-1
-1
-1
-1
-1
-1
-1
-1
-1
-1
-1
-1
-1
-1
-1
-1
-1
-1
-1
-1
-1
-1
-1
-1
-1
-1
-1
-1
-1
-1
-1
-1
-1
-1
-1
-1
-1
-1
-1
-1
-1
-1
-1
-1
-1
-1
-1
-1
-1
-1
-1
-1
-1
-1
-1
-1
-1
-1
-1
-1
-1
-1
-1
-1
-1
-1
-1
-1
-1
-1
-1
-1
-1
-1
-1
-1
-1
-1
-1
-1
-1
-1
-1
-1
-1
-1
-1
-1
-1
-1
-1
-1
-1
-1
-1
-1
-1
-1
-1
-1
-1
-1
-1
-1
-1
-1
-1
-1
-1
-1
-1
-1
-1
-1
-1
-1
-1
-1
-1
-1
-1
-1
-1
-1
-1
-1
-1
-1
-1
-1
-1
-1
-1
-1
-1
-1
-1
-1
-1
-1
-1
-1
-1
-1
-1
-1
-1
-1
-1
-1
-1
-1
-1
-1
-1
-1
-1
-1
-1
-1
-1
-1
-1
-1
-1
-1
-1
-1
-1
-1
-1
-1
-1
-1
-1
-1
-1
-1
-1
-1
-1
-1
-1
-1
-1
-1
-1
-1
-1
-1
-1
-1
-1
-1
-1
-1
-1
-1
-1
-1
-1
-1
-1
-1
-1
-1
-1
-1
-1
-1
-1
-1
-1
-1
-1
-1
-1
-1
-1
-1
-1
-1
-1
-1
-1
-1
-1
-1
-1
-1
-1
-1
-1
-1
-1
-1
-1
-1
-1
-1
-1
-1
-1
-1
-1
-1
-1
-1
-1
-1
-1
-1
-1
-1
-1
-1
-1
-1
-1
-1
-1
-1
-1
-1
-1
-1
-1
-1
-1
-1
-1
-1
-1
-1
-1
-1
-1
-1
-1
-1
-1
-1
-1
-1
-1
-1
-1
-1
-1
-1
-1
-1
-1
-1
-1
-1
-1
-1
-1
-1
-1
-1
-1
-1
-1
-1
-1
-1
-1
-1
-1
-1
-1
-1
-1
-1
-1
-1
-1
-1
-1
-1
-1
-1
-1
-1
-1
-1
-1
-1
-1
-1
-1
-1
-1
-1
-1
-1
-1
-1
-1
-1
-1
-1
-1
-1
-1
-1
-1
-1
-1
-1
-1
-1
-1
-1
-1
-1
-1
-1
-1
-1
-1
-1
-1
-1
-1
-1
-1
-1
-1
-1
-1
-1
-1
-1
-1
-1
-1
-1
-1
-1
-1
-1
-1
-1
-1
-1
-1
-1
-1
-1
-1
-1
-1
-1
-1
-1
-1
-1
-1
-1
-1
-1
-1
-1
-1
-1
-1
-1
-1
-1
-1
-1
-1
-1
-1
-1
-1
-1
-1
-1
-1
-1
-1
-1
-1
-1
-1
-1
-1
-1
-1
-1
-1
-1
-1
-1
-1
-1
-1
-1
-1
-1
-1
-1
-1
-1
-1
-1
-1
-1
-1
-1
-1
-1
-1
-1
-1
-1
-1
-1
-1
-1
-1
-1
-1
-1
-1
-1
-1
-1
-1
-1
-1
-1
-1
-1
-1
-1
-1
-1
-1
-1
-1
-1
-1
-1
-1
-1
-1
-1
-1
-1
-1
-1
-1
-1
-1
-1
-1
-1
-1
-1
-1
-1
-1
-1
-1
-1
-1
-1
-1
-1
-1
-1
-1
-1
-1
-1
-1
-1
-1
-1
-1
-1
-1
-1
-1
-1
-1
-1
-1
-1
-1
-1
-1
-1
-1
-1
-1
-1
-1
-1
-1
-1
-1
-1
-1
-1
-1
-1
-1
-1
-1
-1
-1
-1
-1
-1
-1
-1
-1
-1
-1
-1
-1
-1
-1
-1
-1
-1
-1
-1
-1
-1
-1
-1
-1
-1
-1
-1
-1
-1
-1
-1
-1
-1
-1
-1
-1
-1
-1
-1
-1
-1
-1
-1
-1
-1
-1
-1
-1
-1
-1
-1
-1
-1
-1
-1
-1
-1
-1
-1
-1
-1
-1
-1
-1
-1
-1
-1
-1
-1
-1
-1
-1
-1
-1
-1
-1
-1
-1
-1
-1
-1
-1
-1
-1
-1
-1
-1
-1
-1
-1
-1
-1
-1
-1
-1
-1
-1
-1
-1
-1
-1
-1
-1
-1
-1
-1
-1
-1
-1
-1
-1
-1
-1
-1
-1
-1
-1
-1
-1
-1
-1
-1
-1
-1
-1
-1
-1
-1
-1
-1
-1
-1
-1
-1
-1
-1
-1
-1
-1
-1
-1
-1
-1
-1
-1
-1
-1
-1
-1
-1
-1
-1
-1
-1
-1
-1
-1
-1
-1
-1
-1
-1
-1
-1
-1
-1
-1
-1
-1
-1
-1
-1
-1
-1
-1
-1
-1
-1
-1
-1
-1
-1
-1
-1
-1
-1
-1
-1
-1
-1
-1
-1
-1
-1
-1
-1
-1
-1
-1
-1
-1
-1
-1
-1
-1
-1
-1
-1
-1
-1
-1
-1
-1
-1
-1
-1
-1
-1
-1
-1
-1
-1
-1
-1
-1
-1
-1
-1
-1
-1
-1
-1
-1
-1
-1
-1
-1
-1
-1
-1
-1
-1
-1
-1
-1
-1
-1
-1
-1
-1
-1
-1
-1
-1
-1
-1
-1
-1
-1
-1
-1
-1
-1
-1
-1
-1
-1
-1
-1
-1
-1
-1
-1
-1
-1
-1
-1
-1
-1
-1
-1
-1
-1
-1
-1
-1
-1
-1
-1
-1
-1
-1
-1
-1
-1
-1
-1
-1
-1
-1
-1
-1
-1
-1
-1
-1
-1
-1
-1
-1
-1
-1
-1
-1
-1
-1
-1
-1
-1
-1
-1
-1
-1
-1
-1
-1
-1
-1
-1
-1
-1
-1
-1
-1
-1
-1
-1
-1
-1
-1
-1
-1
-1
-1
-1
-1
-1
-1
-1
-1
-1
-1
-1
-1
-1
-1
-1
-1
-1
-1
-1
-1
-1
-1
-1
-1
-1
-1
-1
-1
-1
-1
-1
-1
-1
-1
-1
-1
-1
-1
-1
-1
-1
-1
-1
-1
-1
-1
-1
-1
-1
-1
-1
-1
-1
-1
-1
-1
-1
-1
-1
-1
-1
-1
-1
-1
-1
-1
-1
-1
-1
-1
-1
-1
-1
-1
-1
-1
-1
-1
-1
-1
-1
-1
-1
-1
-1
-1
-1
-1
-1
-1
-1
-1
-1
-1
-1
-1
-1
-1
-1
-1
-1
-1
-1
-1
-1
-1
-1
-1
-1
-1
-1
-1
-1
-1
-1
-1
-1
-1
-1
-1
-1
-1
-1
-1
-1
-1
-1
-1
-1
-1
-1
-1
-1
-1
-1
-1
-1
-1
-1
-1
-1
-1
-1
-1
-1
-1
-1
-1
-1
-1
-1
-1
-1
-1
-1
-1
-1
-1
-1
-1
-1
-1
-1
-1
-1
-1
-1
-1
-1
-1
-1
-1
-1
-1
-1
-1
-1
-1
-1
-1
-1
-1
-1
-1
-1
-1
-1
-1
-1
-1
-1
-1
-1
-1
-1
-1
-1
-1
-1
-1
-1
-1
-1
-1
-1
-1
-1
-1
-1
-1
-1
-1
-1
-1
-1
-1
-1
-1
-1
-1
-1
-1
-1
-1
-1
-1
-1
-1
-1
-1
-1
-1
-1
-1
-1
-1
-1
-1
-1
-1
-1
-1
-1
-1
-1
-1
-1
-1
-1
-1
-1
-1
-1
-1
-1
-1
-1
-1
-1
-1
-1
-1
-1
-1
-1
-1
-1
-1
-1
-1
-1
-1
-1
-1
-1
-1
-1
-1
-1
-1
-1
-1
-1
-1
-1
-1
-1
-1
-1
-1
-1
-1
-1
-1
-1
-1
-1
-1
-1
-1
-1
-1
-1
-1
-1
-1
-1
-1
-1
-1
-1
-1
-1
-1
-1
-1
-1
-1
-1
-1
-1
-1
-1
-1
-1
-1
-1
-1
-1
-1
-1
-1
-1
-1
-1
-1
-1
-1
-1
-1
-1
-1
-1
-1
-1
-1
-1
-1
-1
-1
-1
-1
-1
-1
-1
-1
-1
-1
-1
-1
-1
-1
-1
-1
-1
-1
-1
-1
-1
-1
-1
-1
-1
-1
-1
-1
-1
-1
-1
-1
-1
-1
-1
-1
-1
-1
-1
-1
-1
-1
-1
-1
-1
-1
-1
-1
-1
-1
-1
-1
-1
-1
-1
-1
-1
-1
-1
-1
-1
-1
-1
-1
-1
-1
-1
-1
-1
-1
-1
-1
-1
-1
-1
-1
-1
-1
-1
-1
-1
-1
-1
-1
-1
-1
-1
-1
-1
-1
-1
-1
-1
-1
-1
-1
-1
-1
-1
-1
-1
-1
-1
-1
-1
-1
-1
-1
-1
-1
-1
-1
-1
-1
-1
-1
-1
-1
-1
-1
-1
-1
-1
-1
-1
-1
-1
-1
-1
-1
-1
-1
-1
-1
-1
-1
-1
-1
-1
-1
-1
-1
-1
-1
-1
-1
-1
-1
-1
-1
-1
-1
-1
-1
-1
-1
-1
-1
-1
-1
-1
-1
-1
-1
-1
-1
-1
-1
-1
-1
-1
-1
-1
-1
-1
-1
-1
-1
-1
-1
-1
-1
-1
-1
-1
-1
-1
-1
-1
-1
-1
-1
-1
-1
-1
-1
-1
-1
-1
-1
-1
-1
-1
-1
-1
-1
-1
-1
-1
-1
-1
-1
-1
-1
-1
-1
-1
-1
-1
-1
-1
-1
-1
-1
-1
-1
-1
-1
-1
-1
-1
-1
-1
-1
-1
-1
-1
-1
-1
-1
-1
-1
-1
-1
-1
-1
-1
-1
-1
-1
-1
-1
-1
-1
-1
-1
-1
-1
-1
-1
-1
-1
-1
-1
-1
-1
-1
-1
-1
-1
-1
-1
-1
-1
-1
-1
-1
-1
-1
-1
-1
-1
-1
-1
-1
-1
-1
-1
-1
-1
-1
-1
-1
-1
-1
-1
-1
-1
-1
-1
-1
-1
-1
-1
-1
-1
-1
-1
-1
-1
-1
-1
-1
-1
-1
-1
-1
-1
-1
-1
-1
-1
-1
-1
-1
-1
-1
-1
-1
-1
-1
-1
-1
-1
-1
-1
-1
-1
-1
-1
-1
-1
-1
-1
-1
-1
-1
-1
-1
-1
-1
-1
-1
-1
-1
-1
-1
-1
-1
-1
-1
-1
-1
-1
-1
-1
-1
-1
-1
-1
-1
-1
-1
-1
-1
-1
-1
-1
-1
-1
-1
-1
-1
-1
-1
-1
-1
-1
-1
-1
-1
-1
-1
-1
-1
-1
-1
-1
-1
-1
-1
-1
-1
-1
-1
-1
-1
-1
-1
-1
-1
-1
-1
-1
-1
-1
-1
-1
-1
-1
-1
-1
-1
-1
-1
-1
-1
-1
-1
-1
-1
-1
-1
-1
-1
-1
-1
-1
-1
-1
-1
-1
-1
-1
-1
-1
-1
-1
-1
-1
-1
-1
-1
-1
-1
-1
-1
-1
-1
-1
-1
-1
-1
-1
-1
-1
-1
-1
-1
-1
-1
-1
-1
-1
-1
-1
-1
-1
-1
-1
-1
-1
-1
-1
-1
-1
-1
-1
-1
-1
-1
-1
-1
-1
-1
-1
-1
-1
-1
-1
-1
-1
-1
-1
-1
-1
-1
-1
-1
-1
-1
-1
-1
-1
-1
-1
-1
-1
-1
-1
-1
-1
-1
-1
-1
-1
-1
-1
-1
-1
-1
-1
-1
-1
-1
-1
-1
-1
-1
-1
-1
-1
-1
-1
-1
-1
-1
-1
-1
-1
-1
-1
-1
-1
-1
-1
-1
-1
-1
-1
-1
-1
-1
-1
-1
-1
-1
-1
-1
-1
-1
-1
-1
-1
-1
-1
-1
-1
-1
-1
-1
-1
-1
-1
-1
-1
-1
-1
-1
-1
-1
-1
-1
-1
-1
-1
-1
-1
-1
-1
-1
-1
-1
-1
-1
-1
-1
-1
-1
-1
-1
-1
-1
-1
-1
-1
-1
-1
-1
-1
-1
-1
-1
-1
-1
-1
-1
-1
-1
-1
-1
-1
-1
-1
-1
-1
-1
-1
-1
-1
-1
-1
-1
-1
-1
-1
-1
-1
-1
-1
-1
-1
-1
-1
-1
-1
-1
-1
-1
-1
-1
-1
-1
-1
-1
-1
-1
-1
-1
-1
-1
-1
-1
-1
-1
-1
-1
-1
-1
-1
-1
-1
-1
-1
-1
-1
-1
-1
-1
-1
-1
-1
-1
-1
-1
-1
-1
-1
-1
-1
-1
-1
-1
-1
-1
-1
-1
-1
-1
-1
-1
-1
-1
-1
-1
-1
-1
-1
-1
-1
-1
-1
-1
-1
-1
-1
-1
-1
-1
-1
-1
-1
-1
-1
-1
-1
-1
-1
-1
-1
-1
-1
-1
-1
-1
-1
-1
-1
-1
-1
-1
-1
-1
-1
-1
-1
-1
-1
-1
-1
-1
-1
-1
-1
-1
-1
-1
-1
-1
-1
-1
-1
-1
-1
-1
-1
-1
-1
-1
-1
-1
-1
-1
-1
-1
-1
-1
-1
-1
-1
-1
-1
-1
-1
-1
-1
-1
-1
-1
-1
-1
-1
-1
-1
-1
-1
-1
-1
-1
-1
-1
-1
-1
-1
-1
-1
-1
-1
-1
-1
-1
-1
-1
-1
-1
-1
-1
-1
-1
-1
-1
-1
-1
-1
-1
-1
-1
-1
-1
-1
-1
-1
-1
-1
-1
-1
-1
-1
-1
-1
-1
-1
-1
-1
-1
-1
-1
-1
-1
-1
-1
-1
-1
-1
-1
-1
-1
-1
-1
-1
-1
-1
-1
-1
-1
-1
-1
-1
-1
-1
-1
-1
-1
-1
-1
-1
-1
-1
-1
-1
-1
-1
-1
-1
-1
-1
-1
-1
-1
-1
-1
-1
-1
-1
-1
-1
-1
-1
-1
-1
-1
-1
-1
-1
-1
-1
-1
-1
-1
-1
-1
-1
-1
-1
-1
-1
-1
-1
-1
-1
-1
-1
-1
-1
-1
-1
-1
-1
-1
-1
-1
-1
-1
-1
-1
-1
-1
-1
-1
-1
-1
-1
-1
-1
-1
-1
-1
-1
-1
-1
-1
-1
-1
-1
-1
-1
-1
-1
-1
-1
-1
-1
-1
-1
-1
-1
-1
-1
-1
-1
-1
-1
-1
-1
-1
-1
-1
-1
-1
-1
-1
-1
-1
-1
-1
-1
-1
-1
-1
-1
-1
-1
-1
-1
-1
-1
-1
-1
-1
-1
-1
-1
-1
-1
-1
-1
-1
-1
-1
-1
-1
-1
-1
-1
-1
-1
-1
-1
-1
-1
-1
-1
-1
-1
-1
-1
-1
-1
-1
-1
-1
-1
-1
-1
-1
-1
-1
-1
-1
-1
-1
-1
-1
-1
-1
-1
-1
-1
-1
-1
-1
-1
-1
-1
-1
-1
-1
-1
-1
-1
-1
-1
-1
-1
-1
-1
-1
-1
-1
-1
-1
-1
-1
-1
-1
-1
-1
-1
-1
-1
-1
-1
-1
-1
-1
-1
-1
-1
-1
-1
-1
-1
-1
-1
-1
-1
-1
-1
-1
-1
-1
-1
-1
-1
-1
-1
-1
-1
-1
-1
-1
-1
-1
-1
-1
-1
-1
-1
-1
-1
-1
-1
-1
-1
-1
-1
-1
-1
-1
-1
-1
-1
-1
-1
-1
-1
-1
-1
-1
-1
-1
-1
-1
-1
-1
-1
-1
-1
-1
-1
-1
-1
-1
-1
-1
-1
-1
-1
-1
-1
-1
)


// ************************************************************************* //
