/*--------------------------------*- C++ -*----------------------------------*\
| =========                 |                                                 |
| \\      /  F ield         | OpenFOAM: The Open Source CFD Toolbox           |
|  \\    /   O peration     | Version:  2306                                  |
|   \\  /    A nd           | Website:  www.openfoam.com                      |
|    \\/     M anipulation  |                                                 |
\*---------------------------------------------------------------------------*/
FoamFile
{
    version     2.0;
    format      ascii;
    arch        "LSB;label=32;scalar=64";
    class       labelList;
    location    "constant/polyMesh";
    object      owner;
}
// * * * * * * * * * * * * * * * * * * * * * * * * * * * * * * * * * * * * * //


8674
(
0
0
0
0
1
1
2
3
4
4
5
5
6
6
7
7
8
8
9
9
10
10
11
11
12
12
13
13
14
14
15
15
16
16
17
17
18
18
19
19
20
20
21
21
22
22
23
23
24
24
25
25
26
26
27
27
28
28
29
29
30
30
31
32
32
33
33
34
34
35
35
36
36
37
37
38
38
39
39
40
40
41
41
42
42
43
43
44
44
45
45
46
46
47
47
48
48
49
49
50
50
51
51
52
52
53
53
54
54
55
55
56
56
57
57
58
58
59
59
60
60
61
61
62
62
63
63
64
64
65
65
66
66
67
67
68
68
69
69
70
70
71
71
72
72
73
73
74
74
75
75
76
76
77
77
78
78
79
79
80
80
81
81
82
82
83
83
84
84
85
85
86
86
87
87
88
88
89
89
90
90
91
91
92
92
93
93
94
94
95
95
96
96
97
97
98
98
99
99
100
100
101
101
102
102
103
103
104
104
105
105
106
106
107
107
108
108
109
109
110
110
111
111
112
112
113
113
114
114
115
115
116
116
117
117
118
118
119
119
120
120
121
121
122
122
123
123
124
124
125
125
126
126
127
127
128
128
129
129
130
130
131
132
132
133
133
134
134
135
135
136
136
137
137
138
138
139
139
140
141
141
142
142
143
143
144
144
145
145
146
146
147
147
148
148
149
149
150
150
151
151
152
152
153
153
154
154
155
155
156
156
157
157
158
158
159
159
160
160
161
161
162
162
163
163
164
164
165
165
166
166
167
167
168
168
169
169
170
170
171
171
172
172
173
173
174
174
175
175
176
176
177
177
178
178
179
179
180
180
181
181
182
182
183
183
184
184
185
185
186
186
187
187
188
188
189
189
190
190
191
191
192
192
193
193
194
194
195
195
196
196
197
197
198
198
199
199
200
200
201
201
202
202
203
203
204
204
205
205
206
206
207
207
208
208
209
209
210
210
211
211
212
212
213
213
214
214
215
215
216
216
217
217
218
218
219
219
220
220
221
221
222
222
223
223
224
224
225
225
226
227
227
228
228
229
229
230
230
231
232
232
233
233
234
234
235
235
236
236
237
237
238
238
239
239
240
240
241
241
242
242
243
243
244
244
245
245
246
246
247
247
248
248
249
249
250
250
251
251
252
252
253
253
254
254
255
255
256
256
257
257
258
258
259
259
260
260
261
261
262
262
263
263
264
264
265
265
266
266
267
267
268
268
269
269
270
270
271
271
272
272
273
273
274
274
275
275
276
276
277
277
278
278
279
279
280
280
281
281
282
282
283
283
284
284
285
285
286
286
287
287
288
288
289
289
290
290
291
291
292
292
293
293
294
294
295
295
296
296
297
297
298
298
299
299
300
300
301
301
302
302
303
303
304
304
305
305
306
306
307
307
308
308
309
309
310
310
311
311
312
312
313
313
314
314
315
315
316
316
317
317
318
319
319
320
320
320
321
321
321
322
322
322
323
323
323
324
324
324
325
325
325
326
326
326
327
327
327
328
328
328
329
329
329
330
330
330
331
331
331
332
332
332
333
333
333
334
334
334
335
335
335
336
336
336
337
337
337
338
338
338
339
339
339
340
340
340
341
341
341
342
342
342
343
343
343
344
344
344
345
345
345
346
346
347
347
348
348
349
349
350
350
351
351
352
352
353
353
354
354
355
355
356
356
357
357
358
358
359
359
360
360
361
361
362
362
363
363
364
364
365
366
366
366
367
367
368
368
369
369
370
370
371
371
372
372
373
373
374
375
375
375
376
376
377
377
378
379
379
379
380
380
381
381
382
382
383
384
384
384
385
385
386
386
387
388
388
388
389
389
390
390
391
391
392
393
393
393
394
394
395
395
396
397
397
397
398
398
399
399
400
400
401
402
402
402
403
403
404
404
405
406
406
406
407
407
408
408
409
409
410
411
411
411
412
412
413
413
414
415
415
415
416
416
417
417
418
418
419
419
420
420
421
421
422
422
423
423
424
424
425
425
426
426
427
427
428
428
429
429
430
430
431
431
432
432
433
433
434
434
435
435
436
436
437
437
438
438
439
439
440
440
441
441
442
442
443
444
444
445
445
446
446
446
447
448
448
449
449
450
450
450
451
452
452
453
453
454
454
454
455
456
457
458
458
459
459
460
460
461
461
462
462
463
463
464
465
465
466
466
467
467
467
468
469
469
470
470
471
471
471
472
473
473
474
474
475
475
475
476
477
477
478
478
479
479
479
480
481
481
482
482
483
483
483
484
485
485
486
486
487
487
487
488
489
489
490
490
491
491
491
492
493
493
494
494
495
495
495
496
497
497
498
498
499
499
499
500
501
501
502
502
503
503
503
504
505
505
506
506
507
507
507
508
509
509
510
510
511
511
511
512
513
513
514
514
515
515
515
516
517
517
517
518
519
519
520
520
521
521
521
522
523
523
523
524
525
525
525
526
526
527
527
528
528
529
529
530
530
531
531
532
532
533
533
534
534
535
535
536
536
537
537
538
538
539
539
540
540
541
541
542
542
543
543
544
544
545
545
546
546
547
547
548
548
549
549
550
550
551
552
552
553
553
554
554
555
556
556
557
557
558
558
559
560
560
561
561
562
562
563
563
563
564
564
565
566
566
567
567
568
568
569
569
569
570
570
571
572
572
573
573
574
574
575
575
575
576
576
577
578
578
579
579
580
580
581
581
582
583
584
585
586
588
588
589
589
590
590
591
592
592
593
593
594
594
595
595
595
596
596
597
598
598
599
599
600
600
601
601
601
602
602
603
604
604
605
605
606
606
607
607
607
608
608
609
610
610
611
611
612
612
613
613
614
615
616
617
618
620
620
621
621
622
622
623
624
624
625
625
626
626
627
627
627
628
628
629
630
630
631
631
632
632
633
633
633
634
634
635
636
636
637
637
638
638
639
639
639
640
640
641
642
642
643
644
645
645
646
646
647
648
648
649
649
649
650
651
651
651
652
653
653
653
654
654
655
655
656
657
657
658
658
659
659
659
660
661
661
662
662
663
663
663
664
664
665
666
666
667
667
668
668
669
669
669
670
670
671
671
672
672
673
674
674
675
675
676
676
676
677
678
678
679
679
680
680
680
681
682
682
682
683
683
684
684
685
686
686
687
687
688
688
689
689
689
690
690
691
692
692
693
693
694
694
695
695
695
696
696
697
698
698
698
699
700
700
700
701
701
702
703
703
703
704
705
705
706
706
707
707
707
708
709
709
710
710
711
711
711
712
712
713
713
714
715
715
715
716
717
717
718
718
718
719
720
720
720
721
722
722
723
723
724
724
724
725
726
726
726
727
727
728
729
729
729
730
731
731
732
732
733
733
733
734
734
735
735
736
737
737
738
738
739
739
739
740
740
741
742
742
743
743
744
744
744
745
746
746
747
747
748
748
748
749
750
750
750
751
751
752
752
753
754
754
755
755
755
756
756
757
758
758
759
759
760
760
761
761
761
762
762
763
763
764
764
765
765
766
767
767
767
768
769
769
770
770
770
771
772
772
772
773
773
774
774
775
775
776
776
777
777
778
778
779
779
780
780
781
781
782
782
783
783
784
785
785
785
786
787
787
787
788
788
789
790
791
792
793
794
795
795
796
797
797
798
798
799
799
801
801
802
803
803
804
804
805
805
806
806
806
807
807
809
809
810
810
811
811
811
812
812
813
814
814
815
815
816
816
817
817
817
818
818
819
820
820
821
821
822
822
823
823
823
824
824
825
825
826
826
827
827
828
828
829
829
830
831
831
831
832
832
833
833
834
835
835
835
836
836
837
837
838
839
839
839
840
840
841
841
842
843
843
843
844
844
845
846
846
846
847
847
848
848
849
850
850
850
851
851
852
852
853
853
854
854
855
855
856
856
857
857
858
858
859
859
860
860
861
861
862
862
863
863
864
864
865
865
866
866
867
867
868
868
869
869
870
870
871
871
872
873
873
874
874
875
875
876
876
877
877
877
878
878
879
879
880
881
882
883
884
885
885
886
886
887
888
888
889
889
890
890
891
891
892
892
893
893
894
894
895
895
895
896
896
897
897
898
898
899
899
900
900
901
902
903
904
905
906
907
908
909
909
910
910
911
912
912
913
913
914
914
915
915
916
916
917
917
918
918
919
919
919
920
920
921
921
922
922
923
923
924
924
925
926
927
928
929
930
931
932
933
933
934
934
935
936
936
937
937
938
938
938
939
940
940
941
941
942
942
942
943
944
944
944
945
945
946
946
947
948
949
950
951
952
952
953
954
954
954
955
955
956
956
957
958
958
959
959
960
960
961
961
962
962
964
964
965
965
966
966
967
967
968
968
969
970
970
971
971
972
972
972
973
974
974
974
975
976
976
977
977
978
978
978
979
980
980
981
981
982
982
982
983
984
984
984
985
986
986
987
987
988
988
988
989
990
990
990
991
992
992
992
993
993
994
994
995
995
996
996
997
998
998
998
999
1000
1000
1000
1001
1001
1002
1003
1003
1004
1004
1005
1005
1006
1006
1006
1007
1008
1008
1008
1009
1010
1010
1011
1011
1012
1012
1012
1013
1014
1014
1014
1015
1016
1016
1016
1017
1017
1018
1018
1019
1019
1020
1021
1022
1023
1024
1025
1026
1026
1027
1028
1028
1028
1029
1030
1030
1030
1031
1031
1032
1033
1033
1034
1034
1034
1035
1036
1036
1036
1037
1038
1038
1038
1039
1039
1040
1041
1041
1042
1042
1043
1043
1044
1044
1044
1045
1045
1046
1047
1047
1048
1048
1049
1049
1050
1050
1050
1051
1051
1052
1052
1053
1054
1054
1054
1055
1056
1056
1056
1057
1057
1058
1059
1059
1060
1060
1061
1061
1062
1062
1062
1063
1064
1064
1064
1065
1066
1066
1067
1067
1068
1068
1068
1069
1070
1070
1070
1071
1072
1072
1072
1073
1073
1074
1074
1075
1075
1076
1076
1077
1078
1078
1080
1081
1082
1083
1084
1085
1085
1086
1087
1087
1087
1088
1089
1089
1089
1090
1090
1091
1091
1092
1092
1093
1093
1094
1094
1095
1095
1096
1096
1097
1097
1098
1098
1099
1100
1100
1100
1101
1102
1102
1102
1103
1103
1104
1105
1105
1105
1106
1107
1107
1108
1108
1109
1109
1110
1110
1111
1111
1111
1112
1112
1113
1113
1114
1115
1115
1115
1116
1117
1117
1118
1118
1118
1119
1120
1120
1120
1121
1122
1122
1123
1123
1124
1124
1124
1125
1126
1126
1126
1127
1127
1128
1129
1129
1129
1130
1131
1131
1132
1132
1133
1133
1133
1134
1134
1135
1135
1136
1136
1137
1137
1138
1138
1139
1140
1140
1141
1141
1142
1142
1142
1143
1144
1144
1144
1145
1145
1146
1147
1147
1147
1148
1149
1149
1150
1150
1151
1151
1151
1152
1153
1153
1153
1154
1155
1155
1156
1156
1156
1157
1158
1158
1158
1159
1159
1160
1160
1161
1162
1162
1163
1163
1164
1164
1165
1165
1166
1166
1166
1167
1168
1168
1168
1169
1169
1170
1171
1171
1171
1172
1173
1173
1173
1174
1174
1175
1175
1176
1177
1177
1178
1178
1179
1179
1179
1180
1181
1181
1182
1182
1183
1183
1183
1184
1184
1185
1186
1186
1187
1187
1188
1188
1189
1189
1189
1190
1190
1191
1191
1192
1193
1193
1194
1194
1195
1195
1195
1196
1197
1197
1198
1198
1199
1199
1199
1200
1200
1201
1202
1202
1203
1203
1204
1204
1205
1205
1205
1206
1206
1207
1207
1208
1208
1209
1210
1210
1211
1211
1212
1212
1213
1213
1214
1214
1215
1215
1216
1216
1217
1217
1217
1218
1218
1219
1219
1220
1220
1221
1221
1222
1222
1223
1224
1224
1225
1225
1226
1226
1227
1227
1227
1228
1228
1229
1230
1230
1231
1231
1232
1232
1233
1233
1233
1234
1234
1235
1236
1236
1237
1237
1238
1238
1239
1239
1239
1240
1240
1241
1242
1242
1243
1243
1244
1244
1245
1245
1245
1246
1246
1247
1247
1248
1248
1249
1249
1250
1250
1251
1251
1252
1252
1253
1253
1254
1254
1255
1255
1256
1256
1257
1257
1258
1258
1259
1259
1260
1261
1261
1261
1262
1263
1263
1264
1264
1264
1265
1266
1266
1266
1267
1267
1268
1268
1269
1269
1270
1270
1271
1272
1272
1273
1273
1274
1274
1275
1275
1275
1276
1276
1277
1278
1278
1279
1279
1280
1280
1281
1281
1281
1282
1282
1283
1284
1284
1285
1285
1286
1286
1286
1287
1288
1288
1288
1289
1289
1290
1291
1291
1291
1292
1293
1293
1294
1294
1295
1295
1295
1296
1297
1297
1297
1298
1299
1299
1300
1300
1300
1301
1302
1302
1302
1303
1303
1304
1304
1305
1306
1306
1307
1307
1308
1308
1309
1309
1310
1310
1310
1311
1312
1312
1312
1313
1313
1314
1315
1315
1315
1316
1317
1317
1317
1318
1318
1319
1320
1320
1321
1321
1322
1322
1323
1323
1323
1324
1324
1325
1326
1326
1327
1327
1328
1328
1329
1329
1329
1330
1330
1331
1331
1332
1333
1333
1333
1334
1335
1335
1336
1336
1336
1337
1338
1338
1338
1339
1339
1340
1340
1341
1341
1342
1342
1343
1343
1344
1344
1345
1345
1346
1346
1347
1347
1348
1348
1349
1349
1350
1351
1351
1351
1352
1353
1353
1354
1354
1354
1355
1356
1356
1356
1357
1357
1358
1358
1359
1360
1360
1361
1361
1362
1362
1363
1363
1363
1364
1364
1365
1366
1366
1367
1367
1368
1368
1369
1369
1369
1370
1370
1371
1372
1372
1372
1373
1374
1374
1374
1375
1375
1376
1377
1377
1377
1378
1379
1379
1380
1380
1381
1381
1382
1382
1383
1383
1383
1384
1384
1385
1385
1386
1387
1387
1387
1388
1389
1389
1390
1390
1390
1391
1392
1392
1392
1393
1394
1394
1395
1395
1396
1396
1396
1397
1398
1398
1398
1399
1399
1400
1401
1401
1401
1402
1403
1403
1404
1404
1405
1405
1405
1406
1406
1407
1408
1408
1409
1409
1410
1410
1411
1411
1411
1412
1412
1413
1414
1414
1415
1415
1416
1416
1417
1417
1417
1418
1418
1419
1419
1420
1420
1421
1421
1422
1423
1423
1423
1424
1425
1425
1426
1426
1426
1427
1428
1428
1428
1429
1429
1430
1430
1431
1431
1432
1432
1433
1433
1434
1434
1435
1436
1436
1437
1437
1438
1438
1439
1439
1439
1440
1440
1441
1442
1442
1443
1443
1444
1444
1445
1445
1445
1446
1446
1447
1448
1448
1449
1449
1450
1450
1451
1451
1451
1452
1452
1453
1454
1454
1455
1455
1456
1456
1457
1457
1457
1458
1458
1459
1459
1460
1460
1461
1461
1462
1462
1463
1463
1464
1465
1465
1467
1468
1469
1470
1471
1472
1473
1474
1474
1475
1475
1476
1476
1477
1477
1478
1479
1479
1479
1480
1481
1481
1481
1482
1482
1483
1484
1484
1484
1485
1486
1486
1487
1487
1488
1488
1489
1489
1490
1490
1490
1491
1491
1492
1492
1493
1494
1494
1494
1495
1496
1496
1497
1497
1497
1498
1499
1499
1499
1500
1501
1501
1502
1502
1503
1503
1503
1504
1505
1505
1505
1506
1506
1507
1508
1508
1508
1509
1510
1510
1511
1511
1512
1512
1512
1513
1514
1514
1514
1515
1516
1516
1517
1517
1517
1518
1519
1519
1519
1520
1520
1521
1521
1522
1523
1524
1525
1526
1527
1527
1528
1529
1529
1529
1530
1530
1531
1532
1532
1532
1533
1534
1534
1534
1535
1535
1536
1536
1537
1537
1538
1538
1539
1539
1540
1540
1541
1541
1542
1543
1543
1544
1544
1545
1545
1545
1546
1547
1547
1547
1548
1548
1549
1550
1550
1550
1551
1552
1552
1553
1553
1554
1554
1554
1555
1556
1556
1556
1557
1558
1558
1559
1559
1559
1560
1561
1561
1561
1562
1562
1563
1563
1564
1565
1565
1566
1566
1567
1567
1568
1568
1569
1569
1569
1570
1571
1571
1571
1572
1572
1573
1574
1574
1574
1575
1576
1576
1576
1577
1577
1578
1578
1579
1579
1580
1580
1581
1581
1582
1583
1583
1584
1584
1585
1585
1586
1586
1586
1587
1587
1588
1589
1589
1590
1590
1591
1591
1592
1592
1592
1593
1593
1594
1595
1595
1596
1596
1597
1597
1598
1598
1598
1599
1599
1600
1601
1601
1602
1602
1603
1603
1604
1604
1604
1605
1605
1606
1606
1607
1607
1608
1608
1609
1609
1610
1611
1611
1612
1612
1613
1613
1614
1614
1614
1615
1615
1616
1617
1617
1618
1618
1619
1619
1620
1620
1620
1621
1621
1622
1623
1623
1624
1624
1625
1625
1626
1626
1626
1627
1627
1628
1629
1629
1630
1630
1631
1631
1632
1632
1632
1633
1633
1634
1634
1635
1635
1636
1636
1637
1637
1638
1638
1639
1639
1640
1640
1641
1641
1642
1642
1643
1643
1644
1645
1645
1646
1646
1647
1647
1648
1648
1649
1649
1650
1650
1651
1651
1652
1652
1652
1653
1653
1654
1654
1655
1655
1656
1656
1657
1657
1658
1659
1659
1660
1660
1661
1661
1662
1662
1662
1663
1663
1664
1665
1665
1666
1666
1667
1667
1668
1668
1668
1669
1669
1670
1671
1671
1672
1672
1673
1673
1674
1674
1674
1675
1675
1676
1677
1677
1678
1678
1679
1679
1680
1680
1680
1681
1681
1682
1682
1683
1683
1684
1685
1686
1687
1688
1689
1690
1690
1691
1691
1692
1692
1693
1693
1694
1694
1695
1695
1696
1696
1697
1697
1698
1699
1699
1700
1700
1701
1701
1702
1702
1702
1703
1703
1704
1705
1705
1706
1706
1707
1707
1708
1708
1708
1709
1709
1710
1711
1711
1712
1712
1713
1713
1714
1714
1714
1715
1715
1716
1717
1717
1718
1718
1719
1719
1720
1720
1720
1721
1721
1722
1722
1723
1723
1724
1724
1725
1725
1726
1727
1727
1728
1728
1729
1729
1730
1730
1730
1731
1731
1732
1733
1733
1734
1734
1735
1735
1736
1736
1736
1737
1737
1738
1739
1739
1740
1740
1741
1741
1742
1742
1742
1743
1743
1744
1745
1745
1746
1746
1747
1747
1748
1748
1748
1749
1749
1750
1750
1751
1751
1752
1752
1753
1753
1754
1755
1756
1757
1758
1759
1760
1761
1762
1762
1763
1763
1764
1764
1765
1765
1766
1766
1767
1767
1768
1768
1769
1769
1770
1770
1771
1771
1772
1772
1773
1773
1774
1774
1775
1775
1776
1776
1777
1777
1778
1778
1779
1780
1780
1780
1781
1782
1782
1783
1783
1783
1784
1785
1785
1785
1786
1786
1787
1787
1788
1788
1789
1789
1790
1791
1791
1792
1792
1793
1793
1794
1794
1794
1795
1795
1796
1797
1797
1798
1798
1799
1799
1800
1800
1800
1801
1801
1802
1803
1803
1804
1804
1805
1805
1805
1806
1807
1807
1807
1808
1808
1809
1810
1810
1810
1811
1812
1812
1813
1813
1814
1814
1814
1815
1816
1816
1816
1817
1818
1818
1819
1819
1819
1820
1821
1821
1821
1822
1822
1823
1823
1824
1825
1825
1826
1826
1827
1827
1828
1828
1829
1829
1829
1830
1831
1831
1831
1832
1832
1833
1834
1834
1834
1835
1836
1836
1836
1837
1837
1838
1839
1839
1840
1840
1841
1841
1842
1842
1842
1843
1843
1844
1845
1845
1846
1846
1847
1847
1848
1848
1848
1849
1849
1850
1850
1851
1852
1852
1852
1853
1854
1854
1855
1855
1855
1856
1857
1857
1857
1858
1858
1859
1859
1860
1860
1861
1861
1862
1862
1863
1863
1864
1864
1865
1865
1866
1867
1867
1868
1868
1869
1869
1870
1870
1870
1871
1871
1872
1872
1873
1874
1874
1874
1875
1876
1876
1877
1877
1879
1879
1880
1881
1881
1881
1882
1883
1883
1884
1884
1885
1885
1885
1886
1886
1887
1888
1888
1889
1889
1890
1890
1891
1891
1891
1892
1892
1893
1894
1894
1895
1895
1896
1896
1897
1897
1897
1898
1898
1899
1899
1900
1900
1901
1901
1902
1903
1903
1905
1906
1907
1908
1909
1910
1910
1911
1911
1912
1912
1913
1913
1914
1915
1915
1916
1916
1917
1917
1917
1918
1919
1919
1919
1920
1920
1921
1922
1922
1922
1923
1924
1924
1925
1925
1926
1926
1926
1927
1928
1928
1928
1929
1930
1930
1931
1931
1931
1932
1933
1933
1933
1934
1934
1935
1935
1936
1937
1937
1938
1938
1939
1939
1940
1940
1941
1941
1941
1942
1943
1943
1943
1944
1944
1945
1946
1946
1946
1947
1948
1948
1948
1949
1949
1950
1950
1951
1951
1952
1952
1953
1953
1954
1955
1955
1956
1956
1957
1957
1958
1958
1958
1959
1959
1960
1961
1961
1962
1962
1963
1963
1964
1964
1964
1965
1965
1966
1967
1967
1968
1968
1969
1969
1970
1970
1970
1971
1971
1972
1973
1973
1974
1974
1975
1975
1976
1976
1976
1977
1977
1978
1978
1979
1979
1980
1980
1981
1981
1982
1983
1983
1984
1984
1985
1985
1986
1986
1986
1987
1987
1988
1989
1989
1990
1990
1991
1991
1992
1992
1992
1993
1993
1994
1995
1995
1996
1996
1997
1997
1998
1998
1998
1999
1999
2000
2001
2001
2002
2002
2003
2003
2004
2004
2004
2005
2005
2006
2006
2007
2007
2008
2008
2009
2009
2010
2011
2012
2013
2014
2015
2016
2017
2018
2018
2019
2019
2020
2020
2021
2021
2022
2022
2023
2023
2024
2024
2025
2025
2026
2026
2027
2028
2028
2028
2029
2030
2030
2031
2031
2031
2032
2033
2033
2033
2034
2034
2035
2035
2036
2036
2037
2037
2038
2039
2040
2041
2042
2043
2044
2045
2045
2046
2047
2047
2047
2048
2048
2049
2050
2050
2050
2051
2052
2052
2053
2053
2054
2054
2054
2055
2056
2056
2056
2057
2058
2058
2059
2059
2061
2061
2062
2063
2063
2063
2064
2065
2065
2065
2066
2066
2067
2068
2068
2069
2069
2070
2070
2071
2071
2071
2072
2072
2073
2074
2074
2075
2075
2076
2076
2077
2077
2077
2078
2078
2079
2079
2080
2081
2081
2083
2084
2085
2086
2086
2087
2087
2088
2088
2089
2089
2090
2091
2092
2093
2094
2096
2097
2098
2099
2101
2102
2103
2104
2105
2106
2107
2108
2109
2110
2111
2112
2113
2114
2115
2116
2117
2118
2119
2120
2121
2122
2123
2124
2125
2126
3
4
5
6
7
8
9
10
11
12
13
14
15
16
17
18
19
20
21
22
23
24
25
26
27
28
29
30
2
31
230
229
228
227
231
226
139
138
137
136
135
134
133
132
140
131
1
318
317
316
251
250
249
248
247
246
245
244
315
314
313
312
311
310
309
308
243
242
241
240
239
238
237
236
235
234
233
232
307
306
305
304
303
302
301
300
299
298
297
296
295
294
293
292
291
290
289
288
287
286
285
284
283
282
281
280
279
278
277
276
275
274
273
272
271
270
269
268
267
266
265
264
263
262
261
260
259
258
257
256
255
254
253
252
2
231
32
33
34
35
36
37
38
39
40
41
42
43
44
45
46
47
48
49
50
51
54
53
52
55
56
57
58
59
60
81
63
64
66
65
67
68
69
71
70
62
61
72
73
76
75
74
77
78
80
79
82
84
83
85
86
90
91
87
89
88
99
100
102
101
94
93
92
95
96
98
97
103
104
105
106
107
108
109
110
111
112
113
114
115
116
117
118
119
120
121
122
123
124
125
126
127
128
129
130
31
131
197
200
199
198
204
205
201
203
202
206
207
208
209
210
211
212
213
196
195
214
215
216
217
218
219
220
221
222
223
224
225
182
184
183
181
189
185
186
188
187
190
192
191
193
194
226
167
166
165
164
163
162
161
169
168
160
159
158
157
156
155
154
153
152
151
150
149
148
147
146
145
144
143
142
141
180
179
178
177
175
174
176
173
172
171
170
140
3
4
5
6
7
8
9
10
11
12
13
14
15
16
17
18
19
20
21
22
23
24
25
26
27
28
29
30
230
229
228
227
139
138
137
136
135
134
133
132
1
318
317
316
251
250
249
248
247
246
245
244
315
314
313
312
311
310
309
308
243
242
241
240
239
238
237
236
235
234
233
232
307
306
305
304
303
302
301
300
299
298
297
296
295
294
293
292
291
290
289
288
287
286
285
284
283
282
281
280
279
278
277
276
275
274
273
272
271
270
269
268
267
266
265
264
263
262
261
260
259
258
257
256
255
254
253
252
32
33
34
35
36
37
38
39
40
41
42
43
44
45
46
47
48
49
50
51
54
53
52
55
56
57
58
59
60
81
63
64
66
65
67
68
69
71
70
62
61
72
73
76
75
74
77
78
80
79
82
84
83
85
86
90
91
87
89
88
99
100
102
101
94
93
92
95
96
98
97
103
104
105
106
107
108
109
110
111
112
113
114
115
116
117
118
119
120
121
122
123
124
125
126
127
128
129
130
197
200
199
198
204
205
201
203
202
206
207
208
209
210
211
212
213
196
195
214
215
216
217
218
219
220
221
222
223
224
225
182
184
183
181
189
185
186
188
187
190
192
191
193
194
167
166
165
164
163
162
161
169
168
160
159
158
157
156
155
154
153
152
151
150
149
148
147
146
145
144
143
142
141
180
179
178
177
175
174
176
173
172
171
170
943
941
0
940
319
958
957
2127
843
320
844
846
2095
847
845
938
2086
937
2094
939
2087
850
2126
936
321
935
851
852
2125
848
849
322
932
2093
931
2088
919
2092
920
2089
930
929
2124
921
323
922
2123
928
324
927
2091
923
2090
924
2018
926
2019
909
925
2085
910
2084
918
2077
917
853
2078
854
916
2083
915
855
2081
856
2079
914
2080
913
857
858
2082
912
2061
911
859
2063
860
842
2062
2096
2097
2059
2098
2060
2099
2058
2100
2047
620
2076
644
2075
643
2071
639
2072
640
2074
642
2065
633
2073
641
2066
634
2070
638
2069
637
2020
527
2021
528
2068
636
2067
635
2022
529
2023
530
2064
632
2056
631
2054
627
2055
628
2057
630
2048
621
2050
629
2049
622
2053
626
2052
625
2024
531
2025
532
2051
624
2028
623
2026
533
2027
534
613
2122
614
325
615
2121
616
326
617
2017
618
2004
619
2016
588
2005
612
611
2120
607
327
608
2119
610
328
601
2015
609
2006
602
2014
606
2007
605
535
2118
536
329
604
2117
603
330
537
2013
538
2008
600
2012
599
2009
595
596
2116
598
331
589
2115
597
332
590
2011
594
2010
593
1762
539
1763
540
2003
592
2002
591
1998
541
1999
542
2001
908
1992
907
2000
895
1993
896
1997
906
1996
905
1976
897
1977
898
1995
904
1994
903
1978
899
1979
900
1991
902
1990
885
1986
901
1987
886
1989
894
1948
893
861
1988
862
1949
892
1985
891
863
1984
864
1980
890
1981
889
865
1983
866
1950
888
1982
887
867
1951
868
1975
884
1974
883
1970
877
1971
878
1973
882
881
1964
879
1972
880
1965
876
1969
875
869
1968
870
1764
874
873
1765
871
872
1967
581
1966
582
1766
583
1767
584
1963
585
1962
586
1958
587
1959
556
1961
580
1952
579
1960
575
1953
576
1957
578
1956
569
1768
577
1769
570
1955
574
1954
573
1770
543
1771
544
572
2045
571
2044
545
2046
546
2033
568
567
2043
563
2042
564
2034
566
2035
557
565
2041
558
2040
562
2036
561
2037
547
548
2039
560
1910
559
2038
549
1911
550
2031
555
2032
458
2030
457
456
1943
554
1941
459
1940
553
1942
460
1933
454
2029
455
1944
453
452
1946
552
1945
461
1931
551
1932
462
1930
450
1919
451
1939
449
448
1938
2114
1934
333
1935
2113
1937
334
1912
1761
1936
1748
1913
1760
1917
1749
1916
2112
1918
335
1857
2111
1915
336
1914
1759
1858
1750
1859
1758
1909
1751
2110
1908
337
1897
2109
1898
338
1907
1757
1752
1906
1756
1899
1753
1900
2108
1905
339
2107
1903
340
1901
1755
1902
1754
1904
1690
1691
1879
1747
1881
1746
1880
1742
1896
1743
1895
1745
1891
1736
1892
1744
1894
1737
1885
1741
1893
1740
1886
1720
1890
1721
1889
1739
1860
1738
1861
1722
1888
1723
1887
1735
1862
1734
1863
1730
1884
1731
1883
1733
1870
1632
1871
1732
1882
1633
1874
1729
1872
1728
1873
1724
1869
1725
1868
1727
1864
1634
1865
1726
1867
1635
1534
1719
1866
1718
1535
1714
1947
1715
1928
1717
1926
1708
1927
1716
1929
1709
1920
1713
1922
1712
1921
1692
1925
1693
1924
1711
1848
1710
1849
1694
1923
1695
1852
1707
1850
1706
1851
1702
1855
1703
1856
1705
1854
1636
1831
1704
1829
1637
1828
1701
1830
1700
1821
1696
1853
1697
1832
1699
1834
1638
1833
1698
1819
1639
1820
2106
1818
341
1807
2105
1847
342
1846
1689
1842
1680
1843
1688
1845
1681
1836
2104
1844
343
1837
2103
1841
344
1840
1687
1772
1682
1773
1686
1839
1683
1838
2102
1774
345
1775
2101
346
1835
1685
1816
1684
1814
347
348
1815
1679
1817
1678
1808
1674
1810
1675
1809
1677
1813
1668
1812
1676
1776
1669
1777
1673
1811
1672
1780
1652
1778
1653
1779
1671
1827
1670
1826
1654
1822
1655
1823
1667
1825
1666
1800
1662
1824
1663
1801
1665
1805
1640
1804
1664
1806
1641
1785
1661
1803
1660
1802
1656
1786
1657
1787
1659
1799
1642
1798
1658
1794
1643
1795
1651
1797
1650
1536
349
350
1796
1649
1537
1648
1793
351
352
1792
1647
1788
1646
1789
353
354
1791
1645
1538
1644
1790
355
356
1539
1631
1783
1630
1784
1626
1782
1627
1571
1629
1569
1620
1568
1628
1570
1621
1561
1625
1781
1624
1572
1604
1574
1605
1573
1623
1559
1622
1560
1606
1558
1607
1547
1619
1567
1618
1566
1614
1562
1615
1563
1617
1565
1576
1540
1616
1564
1577
1541
1613
1545
1612
1544
1608
1546
1609
1338
1611
1543
1578
1542
1610
1339
1579
1340
1603
1877
1602
1598
1878
1599
1876
1601
1529
1592
1527
1600
1593
1526
1597
1528
1596
1519
1245
1525
1246
1595
1524
1594
1520
1247
1521
1248
1523
1591
1590
1474
1586
1522
1587
1475
1589
1875
1580
1530
1588
1532
1581
1531
1585
1517
1584
1518
1249
1516
1250
1505
1583
1533
1582
1514
1251
1512
1252
1513
1575
1515
1556
1506
1554
1508
1555
1507
1557
1503
1548
1502
1550
1504
1549
1499
1553
1501
1552
1476
1329
1500
1330
1477
1551
1497
1333
1498
1331
1496
1332
1481
1336
1479
1337
1478
1335
1480
1312
1428
1310
1473
1309
1311
1472
1302
1457
1334
1458
1313
1471
1315
1314
1470
1300
1459
1301
1460
1299
1469
1288
1328
1468
1327
1461
1323
1462
1324
1467
1326
1317
1465
1325
1463
1318
1464
1322
1456
1321
1455
1253
1451
1254
1452
1320
1454
1319
1445
1255
1453
1256
1446
1316
1450
1297
1449
1295
1429
1296
1430
1298
1448
1289
1447
1291
1431
1290
1432
1294
1444
1293
1443
1257
1439
1258
1440
1292
1442
1261
1089
1259
1441
1260
1090
1244
1438
1243
1437
1239
1433
1240
1434
1242
1436
1233
1091
1241
1435
1234
1092
1238
1511
1237
1510
1217
1490
1218
1491
1236
1509
1235
1494
1219
1492
1220
1493
1232
1489
1231
1488
1227
1417
1228
1418
1230
1487
1205
1486
1229
1419
1206
1420
1226
1495
1225
1482
1221
1484
1222
1483
1224
1426
1207
1427
1223
1425
1208
1398
1216
1485
1215
1423
357
358
1421
1214
1422
1213
1424
359
360
1399
1212
1401
1211
1400
361
362
1416
1210
1415
1209
1411
363
364
1412
1204
1414
1203
1405
1199
1413
1200
1406
1202
1410
1189
1409
1201
1341
1190
1342
1198
1408
1195
1407
1197
1343
1196
1344
1194
1404
1191
1403
1193
1383
1192
1384
1188
1402
1187
1387
1183
1385
1184
1386
1186
1382
1173
1381
1185
1345
1174
1346
1182
1380
1179
1379
1181
1347
1180
1348
1178
1396
1175
1395
1177
1397
1176
1392
366
1394
367
365
368
1369
369
370
1393
371
372
1370
373
1390
1308
1391
1307
1389
1303
1374
1304
1372
1306
1371
1281
1373
1305
1356
1282
1368
1286
1367
1285
1363
1287
1364
1266
1366
1284
1093
1283
1365
1267
1094
1268
1362
1280
1361
1279
1357
1275
1358
1276
1360
1278
1095
1133
1359
1277
1096
1134
1388
1274
1375
1273
1377
1269
1376
1270
1354
1272
1355
1135
1353
1271
1126
1136
1378
1264
1351
1265
1349
1263
1350
1168
1352
1166
1127
1165
1129
1167
1128
1158
1124
1262
1123
1169
1125
1171
1120
1170
1122
1156
1097
1157
1121
1155
1098
1144
1118
1164
1119
1163
1117
1159
1102
1160
1100
1162
1099
1137
1101
1161
772
1138
1142
1466
1141
1085
1143
1087
750
1086
1140
1139
1084
751
1083
752
1072
1132
1073
1131
1111
1082
1112
1081
1130
1074
1115
1075
1113
1114
1080
1110
1078
1109
1076
761
1077
762
1088
1108
1070
1107
1068
763
1069
764
1071
1116
1062
1103
1064
1105
1063
1104
1067
770
1066
771
1050
769
1051
726
1065
1106
1054
767
1052
765
1053
766
1061
768
1060
727
1056
729
1057
728
1059
760
1030
759
1058
755
1031
756
1055
758
1034
733
1036
757
1035
734
1033
754
1032
739
992
753
993
740
738
1079
735
1026
737
1028
736
1027
732
731
1025
711
1024
712
1016
730
1017
715
713
1023
714
1022
710
1018
707
1019
709
708
1021
706
964
705
1020
393
394
965
1172
1029
1153
1014
1151
1012
1152
1013
1154
1015
1145
1006
1147
1008
1146
1007
1150
1011
1149
1010
375
994
376
995
1148
1009
379
377
378
998
748
996
749
997
747
1005
746
1004
744
1000
743
1001
745
1003
384
966
380
381
1002
382
383
374
967
742
999
741
385
972
386
974
388
389
387
973
390
391
392
971
724
968
723
970
725
969
720
1049
722
1048
695
1044
721
1045
696
1047
718
1038
719
1046
717
1039
700
1043
698
1042
697
823
699
824
682
1041
694
1040
693
825
689
826
690
1037
692
990
669
988
691
989
670
991
688
982
687
984
683
983
684
987
686
986
671
827
685
828
672
985
716
831
701
829
703
702
830
680
822
681
821
679
817
678
818
704
820
397
395
396
811
398
399
819
676
812
675
816
677
815
402
773
674
774
673
814
403
404
813
400
401
775
668
776
667
810
663
664
809
666
806
653
807
665
808
654
662
801
659
805
661
804
660
777
658
778
655
803
657
802
656
779
652
780
523
981
521
978
522
980
524
979
515
977
517
976
516
835
520
836
519
411
832
412
518
833
415
413
414
834
406
407
405
975
408
409
410
839
514
837
511
513
838
512
510
840
507
841
509
508
416
417
418
419
799
506
503
800
505
504
793
502
795
499
794
501
798
500
420
797
421
422
781
423
782
498
796
495
785
497
783
496
784
494
491
792
493
791
492
424
787
425
426
788
427
490
790
487
645
489
789
488
646
486
786
483
649
485
651
484
428
650
429
430
648
431
647
482
525
479
526
481
480
962
478
963
475
961
477
954
476
432
433
952
434
435
951
474
953
471
944
473
472
950
470
949
467
945
469
946
468
436
437
948
438
439
933
466
947
463
934
465
960
464
955
446
447
959
445
956
444
440
942
441
442
443
2
140
31
231
226
131
3
4
5
6
7
8
9
10
11
12
13
14
15
16
17
18
19
20
21
22
23
24
25
26
27
28
29
30
230
229
228
227
139
138
137
136
135
134
133
132
1
318
317
316
251
250
249
248
247
246
245
244
315
314
313
312
311
310
309
308
243
242
241
240
239
238
237
236
235
234
233
232
307
306
305
304
303
302
301
300
299
298
297
296
295
294
293
292
291
290
289
288
287
286
285
284
283
282
281
280
279
278
277
276
275
274
273
272
271
270
269
268
267
266
265
264
263
262
261
260
259
258
257
256
255
254
253
252
32
33
34
35
36
37
38
39
40
41
42
43
44
45
46
47
48
49
50
51
54
53
52
55
56
57
58
59
60
81
63
64
66
65
67
68
69
71
70
62
61
72
73
76
75
74
77
78
80
79
82
84
83
85
86
90
91
87
89
88
99
100
102
101
94
93
92
95
96
98
97
103
104
105
106
107
108
109
110
111
112
113
114
115
116
117
118
119
120
121
122
123
124
125
126
127
128
129
130
197
200
199
198
204
205
201
203
202
206
207
208
209
210
211
212
213
196
195
214
215
216
217
218
219
220
221
222
223
224
225
182
184
183
181
189
185
186
188
187
190
192
191
193
194
167
166
165
164
163
162
161
169
168
160
159
158
157
156
155
154
153
152
151
150
149
148
147
146
145
144
143
142
141
180
179
178
177
175
174
176
173
172
171
170
943
941
0
940
958
319
957
2127
843
844
320
846
847
845
2095
938
2086
937
2094
939
2087
850
936
2126
935
321
851
852
848
849
2125
932
322
931
2093
919
2088
920
2092
930
2089
929
2124
921
323
922
928
2123
927
324
923
2091
924
2090
926
2018
909
2019
925
2085
910
918
2084
917
2077
853
854
2078
916
2083
915
855
856
2081
914
2079
913
2080
857
858
2082
912
911
2061
859
860
842
2063
2096
2062
2097
2059
2098
2099
2060
2100
2058
620
2047
644
2076
643
2075
639
2071
640
2072
642
2074
633
2065
641
2073
634
2066
638
2070
637
2069
527
2020
528
2021
636
2068
635
2067
529
2022
530
2023
632
2064
631
2056
627
2054
628
2055
630
2057
621
2048
629
2050
622
2049
626
2053
625
2052
531
2024
532
2025
624
2051
623
2028
533
2026
534
2027
613
2122
614
325
615
616
2121
617
326
618
2017
619
2004
588
2016
612
2005
611
2120
607
327
608
610
2119
601
328
609
2015
602
2006
606
2014
605
2007
535
2118
536
329
604
603
2117
537
330
538
2013
600
2008
599
2012
595
2009
596
2116
598
331
589
597
2115
590
332
594
2011
593
2010
539
1762
540
1763
592
2003
591
2002
541
1998
542
1999
908
2001
907
1992
895
2000
896
1993
906
1997
905
1996
897
1976
898
1977
904
1995
903
1994
899
1978
900
1979
902
1991
885
1990
901
1986
886
1987
894
1989
893
1948
861
862
1988
892
1949
891
1985
863
864
1984
890
1980
889
1981
865
866
1983
888
1950
887
1982
867
868
1951
884
1975
883
1974
877
1970
878
1971
882
1973
881
1964
879
880
1972
876
1965
875
1969
869
870
1968
874
1764
873
871
872
1765
581
1967
582
1966
583
1766
584
1767
585
1963
586
1962
587
1958
556
1959
580
1961
579
1952
575
1960
576
1953
578
1957
569
1956
577
1768
570
1769
574
1955
573
1954
543
1770
544
1771
572
2045
571
545
2044
546
2046
568
2033
567
2043
563
564
2042
566
2034
557
2035
565
2041
558
562
2040
561
2036
547
2037
548
2039
560
559
1910
549
2038
550
1911
555
2031
458
2032
457
2030
456
1943
554
1941
459
1940
553
1942
460
1933
454
455
2029
453
1944
452
1946
552
1945
461
1931
551
1932
462
1930
450
451
1919
449
1939
448
1938
2114
1934
333
1935
2113
1937
334
1912
1761
1936
1748
1913
1760
1917
1749
1916
2112
1918
335
1857
2111
1915
336
1914
1759
1858
1750
1859
1758
1751
1909
2110
1908
337
1897
2109
1898
338
1757
1907
1752
1906
1756
1899
1753
1900
2108
339
1905
2107
1903
340
1901
1755
1902
1754
1690
1904
1691
1879
1747
1881
1746
1880
1742
1896
1743
1895
1745
1891
1736
1892
1744
1894
1737
1885
1741
1893
1740
1886
1720
1890
1721
1889
1739
1860
1738
1861
1722
1888
1723
1887
1735
1862
1734
1863
1730
1884
1731
1883
1733
1870
1632
1871
1732
1882
1633
1874
1729
1872
1728
1873
1724
1869
1725
1868
1727
1864
1634
1865
1726
1867
1635
1534
1719
1866
1718
1535
1714
1947
1715
1928
1717
1926
1708
1927
1716
1929
1709
1920
1713
1922
1712
1921
1692
1925
1693
1924
1711
1848
1710
1849
1694
1923
1695
1852
1707
1850
1706
1851
1702
1855
1703
1856
1705
1854
1636
1831
1704
1829
1637
1828
1701
1830
1700
1821
1696
1853
1697
1832
1699
1834
1638
1833
1698
1819
1639
1820
2106
1818
341
1807
2105
1847
342
1846
1689
1842
1680
1843
1688
1845
1681
1836
2104
1844
343
1837
2103
1841
344
1840
1687
1772
1682
1773
1686
1839
1683
1838
2102
1774
345
2101
1775
346
1835
1685
1816
1684
347
1814
348
1815
1679
1817
1678
1808
1674
1810
1675
1809
1677
1813
1668
1812
1676
1776
1669
1777
1673
1811
1672
1780
1652
1778
1653
1779
1671
1827
1670
1826
1654
1822
1655
1823
1667
1825
1666
1800
1662
1824
1663
1801
1665
1805
1640
1804
1664
1806
1641
1785
1661
1803
1660
1802
1656
1786
1657
1787
1659
1799
1642
1798
1658
1794
1643
1795
1651
1797
1650
349
1536
350
1796
1649
1537
1648
351
1793
352
1792
1647
1788
1646
353
1789
354
1791
1645
1538
1644
355
1790
356
1539
1631
1783
1630
1784
1626
1782
1627
1571
1629
1569
1620
1568
1628
1570
1621
1561
1625
1781
1624
1572
1604
1574
1605
1573
1623
1559
1622
1560
1606
1558
1607
1547
1619
1567
1618
1566
1614
1562
1615
1563
1617
1565
1576
1540
1616
1564
1577
1541
1613
1545
1612
1544
1608
1546
1609
1338
1611
1543
1578
1542
1610
1339
1579
1340
1603
1602
1877
1598
1878
1599
1876
1601
1529
1592
1600
1527
1593
1526
1597
1528
1596
1519
1245
1246
1525
1595
1524
1594
1520
1247
1521
1248
1591
1523
1590
1474
1586
1522
1587
1475
1589
1875
1580
1530
1588
1532
1581
1531
1585
1517
1584
1518
1249
1516
1250
1505
1583
1533
1582
1514
1251
1512
1252
1513
1575
1515
1556
1506
1554
1508
1555
1507
1557
1503
1548
1502
1550
1504
1549
1499
1553
1501
1552
1476
1329
1500
1330
1477
1551
1497
1333
1498
1331
1496
1332
1481
1336
1479
1337
1478
1335
1480
1312
1428
1310
1309
1473
1311
1472
1302
1457
1334
1458
1313
1315
1471
1314
1470
1300
1459
1301
1460
1299
1288
1469
1328
1468
1327
1461
1323
1462
1324
1326
1467
1317
1465
1325
1463
1318
1464
1322
1456
1321
1455
1253
1451
1254
1452
1320
1454
1319
1445
1255
1453
1256
1446
1316
1450
1297
1449
1295
1429
1296
1430
1298
1448
1289
1447
1291
1431
1290
1432
1294
1444
1293
1443
1257
1439
1258
1440
1292
1442
1261
1089
1259
1441
1260
1090
1244
1438
1243
1437
1239
1433
1240
1434
1242
1436
1233
1091
1241
1435
1234
1092
1238
1511
1237
1510
1217
1490
1218
1491
1236
1509
1235
1494
1219
1492
1220
1493
1232
1489
1231
1488
1227
1417
1228
1418
1230
1487
1205
1486
1229
1419
1206
1420
1226
1495
1225
1482
1221
1484
1222
1483
1224
1426
1207
1427
1223
1425
1208
1398
1216
1485
1215
357
1423
358
1421
1214
1422
1213
359
1424
360
1399
1212
1401
1211
361
1400
362
1416
1210
1415
1209
363
1411
364
1412
1204
1414
1203
1405
1199
1413
1200
1406
1202
1410
1189
1409
1201
1341
1190
1342
1198
1408
1195
1407
1197
1343
1196
1344
1194
1404
1191
1403
1193
1383
1192
1384
1188
1402
1187
1387
1183
1385
1184
1386
1186
1382
1173
1381
1185
1345
1174
1346
1182
1380
1179
1379
1181
1347
1180
1348
1178
1396
1175
1395
1177
1397
1176
1392
366
367
365
1394
368
369
1369
370
371
1393
372
373
1370
1308
1390
1307
1391
1303
1389
1304
1374
1306
1372
1281
1371
1305
1373
1282
1356
1286
1368
1285
1367
1287
1363
1266
1364
1284
1366
1283
1093
1267
1365
1268
1094
1280
1362
1279
1361
1275
1357
1276
1358
1278
1360
1133
1095
1277
1359
1134
1096
1274
1388
1273
1375
1269
1377
1270
1376
1272
1354
1135
1355
1271
1353
1136
1126
1264
1378
1265
1351
1263
1349
1168
1350
1166
1352
1165
1127
1167
1129
1158
1128
1262
1124
1169
1123
1171
1125
1170
1120
1156
1122
1157
1097
1155
1121
1144
1098
1164
1118
1163
1119
1159
1117
1160
1102
1162
1100
1137
1099
1161
1101
1138
772
1142
1466
1141
1143
1085
750
1087
1140
1086
1139
1084
751
752
1083
1132
1072
1131
1073
1111
1082
1112
1130
1081
1115
1074
1113
1075
1114
1080
1110
1109
1078
761
1076
762
1077
1108
1088
1107
1070
763
1068
764
1069
1116
1071
1103
1062
1105
1064
1104
1063
770
1067
771
1066
769
1050
726
1051
1106
1065
767
1054
765
1052
766
1053
768
1061
727
1060
729
1056
728
1057
760
1059
759
1030
755
1058
756
1031
758
1055
733
1034
757
1036
734
1035
754
1033
739
1032
753
992
740
993
738
1079
735
737
1026
736
1028
732
1027
731
1025
711
712
1024
730
1016
715
1017
713
1023
714
710
1022
707
1018
709
1019
708
1021
706
705
964
393
1020
394
965
1172
1029
1153
1014
1151
1012
1152
1013
1154
1015
1145
1006
1147
1008
1146
1007
1150
1011
1149
1010
375
376
994
1148
995
379
1009
377
378
998
748
996
749
997
747
1005
746
1004
744
1000
743
1001
745
1003
384
380
966
381
382
383
374
1002
742
967
741
999
385
386
972
388
974
389
387
390
973
391
392
971
724
968
723
970
725
969
720
1049
722
1048
695
1044
721
1045
696
1047
718
1038
719
1046
717
1039
700
1043
698
1042
697
823
699
824
682
1041
694
1040
693
825
689
826
690
1037
692
990
669
988
691
989
670
991
688
982
687
984
683
983
684
987
686
986
671
827
685
828
672
985
716
831
701
703
829
702
680
830
681
822
679
821
678
817
704
818
397
820
395
396
398
811
399
819
676
812
675
816
677
815
402
773
674
774
673
403
814
404
400
401
813
668
775
667
776
663
810
664
809
666
806
653
807
665
654
808
662
801
659
805
661
804
660
777
658
778
655
803
657
802
656
779
652
780
523
981
521
978
522
980
524
979
515
977
517
976
516
835
520
519
836
411
412
832
518
833
415
413
414
406
834
407
405
408
975
409
410
839
514
511
837
513
512
838
510
840
507
509
841
508
416
417
418
419
506
799
503
800
505
504
793
502
499
795
501
794
500
798
420
421
797
422
423
781
498
782
495
796
497
785
496
783
494
784
491
792
493
492
791
424
425
787
426
427
788
490
790
487
489
645
488
789
486
646
483
786
485
649
484
651
428
429
650
430
431
648
482
647
479
525
481
526
480
962
478
475
963
477
961
476
954
432
433
434
952
435
474
951
471
953
473
944
472
950
470
467
949
469
945
468
946
436
437
438
948
439
466
933
463
947
465
934
464
960
446
955
447
959
445
444
956
440
441
942
442
443
2
140
31
231
226
131
)


// ************************************************************************* //
